Time,PT01,PT02,PT03,PT04,PT05,PT06,PT07,PT08,PT09,PT10,PT11,PT12,PT13,TC01,TC02,TC03,TC04,TC05,TC06,TC07,TC08,Spindle Motor,X Motor,Z Motor,Disp. X,Disp. Z
0.516,20.1,20.2,20.1,19.6,19.8,19.6,19.7,20.6,19.8,50.2,19.6,19.6,19.5,18.5,18.4,18.4,18.6,18.3,18.3,18.2,17.2,17.0,18.0,19.0,0.0,0.0
0.686,20.1,20.2,20.2,19.6,19.8,19.6,19.7,20.6,19.8,50.2,19.6,19.6,19.5,18.5,18.5,18.4,18.6,18.3,18.2,18.3,17.3,17.0,18.0,19.0,0.0,0.0
0.854,20.1,20.2,20.2,19.6,19.8,19.6,19.7,20.6,19.9,50.2,19.5,19.6,19.5,18.6,18.4,18.5,18.7,18.4,18.3,18.3,17.3,17.0,18.0,19.0,0.19776797300797203,0.0
1.022,20.1,20.2,20.2,19.6,19.8,19.6,19.7,20.6,19.9,50.2,19.6,19.6,19.5,18.6,18.4,18.5,18.6,18.3,18.3,18.3,17.3,17.0,18.0,19.0,0.19776797300797203,0.0
1.19,20.1,20.2,20.2,19.6,19.8,19.6,19.7,20.6,20.0,50.2,19.6,19.6,19.5,18.7,18.5,18.6,18.7,18.3,18.3,18.3,17.2,17.0,18.0,19.0,0.0,-0.2578609264059262
1.359,20.1,20.2,20.2,19.6,19.8,19.6,19.7,20.6,20.0,50.2,19.6,19.6,19.5,18.7,18.5,18.6,18.7,18.3,18.3,18.4,17.3,17.0,18.0,19.0,0.19776797300797203,-0.5159472557195575
1.527,20.1,20.2,20.2,19.6,19.8,19.7,19.7,20.6,20.0,50.2,19.6,19.6,19.5,18.6,18.5,18.5,18.6,18.4,18.3,18.4,17.3,17.0,18.0,19.0,-0.19776797300811955,-0.5159472557195575
1.695,20.1,20.2,20.2,19.6,19.9,19.7,19.7,20.6,20.1,50.2,19.6,19.6,19.6,18.7,18.5,18.6,18.7,18.4,18.3,18.4,17.3,17.0,18.0,19.0,0.19776797300797203,-1.3756339456778883
1.863,20.1,20.2,20.2,19.6,19.9,19.7,19.7,20.6,20.2,50.2,19.6,19.7,19.6,18.7,18.5,18.6,18.6,18.4,18.3,18.4,17.3,17.0,18.0,19.0,0.19776797300797203,-1.3756339456778883
2.031,20.1,20.2,20.2,19.6,19.9,19.7,19.7,20.7,20.2,50.2,19.6,19.7,19.6,18.7,18.5,18.5,18.6,18.3,18.3,18.4,17.4,17.0,18.0,19.0,0.5938229950687214,-2.063563619970653
2.199,20.1,20.2,20.2,19.6,19.9,19.8,19.7,20.7,20.3,50.2,19.6,19.6,19.6,18.6,18.4,18.6,18.7,18.3,18.3,18.5,17.4,17.0,18.0,19.0,0.5938229950687214,-2.063563619970653
2.367,20.1,20.2,20.2,19.6,19.9,19.8,19.7,20.7,20.3,50.2,19.6,19.6,19.5,18.7,18.5,18.6,18.6,18.4,18.3,18.4,17.4,17.0,18.0,19.0,0.7921100441214987,-2.063563619970653
2.536,20.1,20.2,20.2,19.6,19.9,19.8,19.7,20.7,20.4,50.2,19.5,19.6,19.6,18.7,18.5,18.5,18.6,18.4,18.3,18.6,17.4,17.0,18.0,19.0,0.7921100441214987,-2.063563619970653
2.704,20.1,20.2,20.2,19.6,19.9,19.9,19.7,20.7,20.4,50.2,19.6,19.6,19.6,18.7,18.5,18.5,18.6,18.4,18.3,18.6,17.4,17.0,18.0,19.0,0.7921100441214987,-2.063563619970653
2.872,20.1,20.2,20.2,19.6,20.0,19.9,19.7,20.7,20.5,50.2,19.6,19.6,19.6,18.7,18.5,18.6,18.7,18.4,18.4,18.6,17.4,17.0,18.0,19.0,0.9898780171294708,-2.063563619970653
3.04,20.1,20.2,20.2,19.6,20.0,19.9,19.7,20.7,20.5,50.2,19.6,19.7,19.6,18.7,18.6,18.6,18.6,18.4,18.4,18.6,17.3,17.0,18.0,19.0,0.39605502206074933,-1.977685112137934
3.208,20.1,20.2,20.2,19.6,20.0,20.0,19.7,20.8,20.6,50.2,19.6,19.7,19.6,18.7,18.5,18.6,18.6,18.4,18.3,18.6,17.3,18.0,18.0,19.0,0.5938229950687214,-1.977685112137934
3.376,20.1,20.2,20.2,19.6,20.0,20.0,19.7,20.8,20.6,50.3,19.6,19.6,19.6,18.7,18.6,18.6,18.7,18.4,18.4,18.6,17.2,18.0,18.0,19.0,0.5938229950687214,-1.977685112137934
3.544,20.1,20.3,20.2,19.6,20.0,20.0,19.7,20.8,20.7,50.2,19.6,19.7,19.6,18.7,18.5,18.6,18.6,18.4,18.3,18.6,17.2,18.0,18.0,19.0,0.9898780171294708,-2.063563619970653
3.712,20.1,20.3,20.2,19.6,20.0,20.0,19.7,20.8,20.7,50.2,19.6,19.7,19.6,18.7,18.5,18.6,18.6,18.4,18.3,18.7,17.3,18.0,18.0,19.0,0.9898780171294708,-2.063563619970653
3.88,20.1,20.3,20.2,19.6,20.0,20.1,19.7,20.8,20.8,50.2,19.6,19.7,19.6,18.7,18.6,18.7,18.7,18.4,18.3,18.7,17.2,18.0,19.0,19.0,1.188165066182248,-2.063563619970653
4.05,20.2,20.3,20.2,19.6,20.0,20.1,19.7,20.9,20.8,50.2,19.6,19.7,19.6,18.7,18.6,18.6,18.7,18.5,18.4,18.7,17.2,18.0,19.0,19.0,1.188165066182248,-2.063563619970653
4.218,20.2,20.3,20.2,19.6,20.0,20.2,19.7,20.9,20.9,50.2,19.6,19.7,19.6,18.7,18.7,18.7,18.7,18.4,18.4,18.8,17.3,18.0,18.0,19.0,1.188165066182248,-1.977685112137934
4.386,20.1,20.3,20.2,19.6,20.1,20.2,19.7,20.9,20.9,50.2,19.6,19.7,19.6,18.7,18.6,18.7,18.7,18.4,18.3,18.7,17.3,18.0,18.0,19.0,1.188165066182248,-1.977685112137934
4.554,20.2,20.3,20.3,19.6,20.1,20.2,19.7,20.9,21.0,50.2,19.6,19.7,19.6,18.7,18.6,18.7,18.7,18.5,18.4,18.8,17.2,18.0,18.0,19.0,0.5938229950687214,-2.063563619970653
4.724,20.1,20.3,20.2,19.6,20.1,20.3,19.7,20.9,21.0,50.3,19.6,19.7,19.6,18.7,18.5,18.7,18.7,18.5,18.4,18.8,17.2,18.0,19.0,19.0,1.188165066182248,-1.977685112137934
4.891,20.2,20.3,20.2,19.6,20.1,20.3,19.7,21.0,21.1,50.3,19.6,19.7,19.6,18.7,18.5,18.6,18.7,18.5,18.4,18.8,17.2,18.0,19.0,19.0,1.188165066182248,-1.977685112137934
5.06,20.1,20.3,20.2,19.6,20.1,20.3,19.7,21.0,21.1,50.3,19.6,19.7,19.6,18.7,18.6,18.6,18.6,18.4,18.4,18.8,17.2,18.0,19.0,19.0,1.188165066182248,-1.977685112137934
5.229,20.2,20.3,20.3,19.6,20.1,20.3,19.7,21.0,21.2,50.3,19.6,19.7,19.6,18.7,18.6,18.7,18.7,18.5,18.4,18.8,17.2,18.0,19.0,19.0,1.188165066182248,-1.977685112137934
5.397,20.1,20.3,20.3,19.6,20.1,20.4,19.7,21.0,21.2,50.3,19.6,19.7,19.6,18.7,18.6,18.7,18.7,18.5,18.4,18.8,17.2,18.0,19.0,19.0,1.188165066182248,-1.8915812013975097
5.565,20.2,20.4,20.3,19.6,20.2,20.4,19.7,21.0,21.2,50.3,19.6,19.7,19.6,18.8,18.7,18.6,18.7,18.5,18.4,18.9,17.4,18.0,19.0,19.0,1.188165066182248,-1.8915812013975097
5.734,20.1,20.4,20.3,19.6,20.2,20.4,19.7,21.1,21.3,50.3,19.6,19.7,19.6,18.7,18.7,18.7,18.7,18.6,18.5,18.9,17.4,18.0,19.0,19.0,1.188165066182248,-1.977685112137934
5.903,20.2,20.4,20.3,19.6,20.2,20.5,19.7,21.1,21.3,50.3,19.6,19.7,19.6,18.7,18.6,18.7,18.7,18.5,18.4,18.9,17.3,18.0,19.0,19.0,1.188165066182248,-1.977685112137934
6.071,20.2,20.4,20.3,19.6,20.2,20.5,19.7,21.1,21.4,50.3,19.6,19.7,19.6,18.8,18.7,18.6,18.7,18.5,18.4,19.0,17.3,18.0,19.0,19.0,1.38593303919022,-1.8915812013975097
6.239,20.2,20.4,20.3,19.6,20.2,20.5,19.7,21.1,21.4,50.3,19.6,19.7,19.6,18.7,18.7,18.7,18.7,18.5,18.5,18.9,17.3,18.0,19.0,19.0,1.38593303919022,-1.8057026935647267
6.409,20.2,20.4,20.3,19.6,20.2,20.6,19.7,21.2,21.5,50.3,19.6,19.7,19.6,18.8,18.7,18.7,18.7,18.5,18.4,18.9,17.2,18.0,19.0,19.0,1.38593303919022,-1.8057026935647267
6.577,20.2,20.4,20.3,19.6,20.3,20.6,19.7,21.2,21.5,50.3,19.6,19.7,19.6,18.7,18.7,18.8,18.8,18.5,18.4,19.0,17.3,18.0,19.0,19.0,1.188165066182248,-1.8057026935647267
6.745,20.2,20.4,20.3,19.6,20.3,20.6,19.7,21.2,21.5,50.3,19.6,19.7,19.6,18.7,18.7,18.7,18.8,18.6,18.5,18.9,17.2,18.0,19.0,19.0,1.188165066182248,-1.8057026935647267
6.915,20.2,20.5,20.3,19.7,20.3,20.7,19.7,21.2,21.6,50.3,19.6,19.7,19.6,18.8,18.7,18.7,18.8,18.6,18.5,19.0,17.2,18.0,19.0,19.0,1.38593303919022,-1.8057026935647267
7.083,20.2,20.5,20.3,19.6,20.3,20.7,19.7,21.2,21.6,50.3,19.6,19.7,19.6,18.8,18.7,18.8,18.8,18.6,18.4,18.9,17.2,18.0,19.0,19.0,1.38593303919022,-1.8057026935647267
7.251,20.2,20.5,20.4,19.7,20.3,20.7,19.7,21.3,21.7,50.3,19.6,19.7,19.6,18.7,18.7,18.8,18.8,18.5,18.4,19.1,17.3,18.0,19.0,19.0,1.38593303919022,-1.8057026935647267
7.421,20.2,20.5,20.4,19.7,20.3,20.8,19.7,21.3,21.7,50.3,19.6,19.7,19.6,18.7,18.7,18.8,18.8,18.7,18.5,19.0,17.3,18.0,19.0,19.0,1.38593303919022,-1.8057026935647267
7.588,20.2,20.5,20.4,19.7,20.3,20.8,19.7,21.3,21.8,50.3,19.6,19.7,19.6,18.8,18.7,18.7,18.7,18.7,18.5,19.0,17.3,18.0,19.0,19.0,1.38593303919022,-1.8057026935647267
7.757,20.2,20.5,20.4,19.7,20.3,20.8,19.7,21.3,21.8,50.3,19.6,19.7,19.6,18.8,18.7,18.8,18.8,18.6,18.5,19.0,17.3,18.0,19.0,19.0,2.3763301323643486,-1.8057026935647267
7.926,20.2,20.5,20.4,19.7,20.3,20.8,19.7,21.4,21.8,50.3,19.6,19.7,19.6,18.7,18.7,18.7,18.7,18.5,18.4,19.1,17.4,18.0,19.0,19.0,1.7819880612509695,-2.3214245463766434
8.094,20.2,20.5,20.4,19.7,20.4,20.9,19.7,21.4,21.9,50.3,19.6,19.7,19.6,18.8,18.8,18.7,18.7,18.5,18.4,19.1,17.3,18.0,19.0,19.0,1.7819880612509695,-2.9234757128366886
8.264,20.2,20.6,20.4,19.7,20.4,20.9,19.7,21.4,21.9,50.3,19.6,19.7,19.6,18.8,18.7,18.8,18.8,18.7,18.5,19.1,17.3,18.0,19.0,19.0,1.7819880612509695,-2.9234757128366886
8.432,20.2,20.6,20.4,19.7,20.4,20.9,19.7,21.4,21.9,50.3,19.6,19.7,19.6,18.7,18.7,18.7,18.8,18.6,18.5,19.1,17.4,18.0,19.0,19.0,2.3763301323643486,-2.9234757128366886
8.601,20.2,20.6,20.4,19.7,20.4,20.9,19.7,21.5,22.0,50.3,19.6,19.7,19.6,18.8,18.8,18.7,18.7,18.7,18.5,19.1,17.4,18.0,19.0,19.0,2.3763301323643486,-2.9234757128366886
8.769,20.2,20.6,20.4,19.7,20.4,21.0,19.7,21.5,22.0,50.3,19.6,19.7,19.6,18.8,18.8,18.8,18.8,18.7,18.5,19.1,17.4,18.0,19.0,19.0,2.3763301323643486,-4.12712723994137
8.938,20.2,20.6,20.4,19.7,20.4,21.0,19.7,21.5,22.1,50.3,19.6,19.7,19.6,18.8,18.7,18.7,18.8,18.7,18.5,19.2,17.5,18.0,19.0,19.0,2.3763301323643486,-4.12712723994137
9.107,20.2,20.6,20.4,19.6,20.4,21.0,19.8,21.5,22.1,50.3,19.6,19.7,19.6,18.8,18.8,18.7,18.8,18.6,18.5,19.2,17.4,18.0,19.0,19.0,2.3763301323643486,-4.12712723994137
9.275,20.2,20.6,20.4,19.7,20.4,21.1,19.8,21.5,22.1,50.3,19.6,19.7,19.6,18.8,18.8,18.8,18.8,18.7,18.5,19.2,17.4,18.0,19.0,19.0,2.5740981053724683,-4.12712723994137
9.445,20.2,20.6,20.4,19.7,20.5,21.1,19.8,21.6,22.1,50.3,19.6,19.7,19.7,18.8,18.8,18.8,18.8,18.7,18.5,19.3,17.5,18.0,19.0,19.0,1.5842200882428499,-4.12712723994137
9.613,20.2,20.6,20.4,19.7,20.5,21.1,19.8,21.6,22.2,50.3,19.6,19.7,19.6,18.8,18.7,18.9,18.8,18.7,18.5,19.2,17.5,18.0,19.0,19.0,1.38593303919022,-3.095458131409896
9.781,20.2,20.7,20.5,19.7,20.5,21.2,19.8,21.6,22.2,50.3,19.6,19.7,19.6,18.8,18.8,18.8,18.8,18.7,18.5,19.2,17.4,18.0,19.0,19.0,1.188165066182248,-2.7514932942634815
9.949,20.2,20.7,20.5,19.7,20.5,21.2,19.8,21.6,22.3,50.3,19.6,19.7,19.7,18.7,18.7,18.8,18.8,18.7,18.5,19.3,17.6,18.0,19.0,19.0,0.7921100441214987,-2.5795108756902745
10.118,20.2,20.7,20.5,19.7,20.5,21.2,19.8,21.7,22.3,50.3,19.6,19.7,19.7,18.8,18.8,18.8,18.7,18.7,18.5,19.3,17.6,18.0,19.0,19.0,0.7921100441214987,-2.5795108756902745
10.288,20.2,20.7,20.5,19.7,20.5,21.2,19.8,21.7,22.3,50.3,19.6,19.7,19.7,18.8,18.8,18.7,18.7,18.8,18.6,19.3,17.5,18.0,19.0,19.0,0.9898780171294708,-2.6653893835230575
10.456,20.3,20.7,20.5,19.7,20.5,21.2,19.8,21.7,22.4,50.3,19.6,19.8,19.7,18.8,18.7,18.8,18.8,18.7,18.5,19.3,17.5,18.0,19.0,19.0,0.9898780171294708,-2.6653893835230575
10.626,20.2,20.7,20.5,19.7,20.5,21.3,19.8,21.7,22.4,50.3,19.6,19.8,19.7,18.9,18.9,18.8,18.7,18.7,18.5,19.3,17.5,18.0,19.0,19.0,0.9898780171294708,-4.0412487321086505
10.794,20.2,20.7,20.5,19.7,20.6,21.3,19.8,21.8,22.4,50.3,19.6,19.8,19.7,18.8,18.8,18.7,18.7,18.7,18.5,19.3,17.6,18.0,19.0,19.0,0.9898780171294708,-4.12712723994137
10.962,20.3,20.7,20.5,19.7,20.6,21.3,19.8,21.8,22.4,50.3,19.6,19.8,19.7,18.9,18.9,18.8,18.8,18.8,18.6,19.3,17.5,18.0,19.0,19.0,0.9898780171294708,-4.12712723994137
11.132,20.3,20.8,20.5,19.7,20.6,21.3,19.8,21.8,22.5,50.3,19.6,19.8,19.7,18.8,18.8,18.8,18.7,18.8,18.6,19.3,17.5,18.0,19.0,19.0,0.5938229950687214,-4.12712723994137
11.3,20.3,20.8,20.5,19.7,20.6,21.4,19.8,21.8,22.5,50.3,19.6,19.8,19.7,18.9,18.8,18.8,18.8,18.7,18.5,19.4,17.6,18.0,19.0,19.0,0.5938229950687214,-4.0412487321086505
11.468,20.3,20.8,20.5,19.7,20.6,21.4,19.8,21.8,22.5,50.3,19.7,19.8,19.7,18.9,18.8,18.8,18.8,18.8,18.7,19.4,17.6,18.0,19.0,19.0,0.7921100441214987,-4.0412487321086505
11.638,20.3,20.8,20.5,19.7,20.6,21.4,19.8,21.8,22.6,50.3,19.6,19.8,19.7,18.9,18.9,18.8,18.8,18.8,18.6,19.4,17.5,18.0,19.0,19.0,0.7921100441214987,-4.0412487321086505
11.806,20.3,20.8,20.6,19.7,20.6,21.5,19.8,21.9,22.6,50.3,19.6,19.8,19.7,18.9,18.9,18.8,18.8,18.8,18.6,19.4,17.6,18.0,19.0,19.0,0.7921100441214987,-4.0412487321086505
11.975,20.3,20.8,20.6,19.7,20.6,21.5,19.8,21.9,22.6,50.3,19.6,19.8,19.7,18.9,18.8,18.8,18.8,18.8,18.5,19.5,17.5,18.0,19.0,19.0,0.7921100441214987,-4.0412487321086505
12.144,20.3,20.8,20.6,19.7,20.6,21.5,19.8,21.9,22.7,50.3,19.6,19.8,19.7,18.9,18.9,18.8,18.8,18.8,18.7,19.4,17.5,18.0,19.0,19.0,0.7921100441214987,-4.0412487321086505
12.312,20.3,20.9,20.6,19.7,20.6,21.5,19.8,21.9,22.7,50.3,19.6,19.8,19.7,18.9,18.9,18.9,18.8,18.8,18.6,19.6,17.6,18.0,19.0,19.0,0.7921100441214987,-3.9551448213681626
12.481,20.3,20.9,20.6,19.7,20.7,21.5,19.8,22.0,22.7,50.4,19.6,19.8,19.7,18.9,18.9,18.8,18.8,18.8,18.7,19.5,17.6,18.0,19.0,19.0,0.7921100441214987,-3.9551448213681626
12.65,20.3,20.9,20.6,19.7,20.7,21.6,19.8,22.0,22.7,50.4,19.6,19.8,19.7,18.9,18.9,18.8,18.8,18.8,18.7,19.5,17.5,18.0,19.0,19.0,0.9898780171294708,-3.9551448213681626
12.818,20.3,20.9,20.6,19.7,20.6,21.6,19.8,22.0,22.7,50.4,19.6,19.8,19.7,18.9,18.9,18.8,18.8,18.8,18.6,19.5,17.4,18.0,19.0,19.0,0.9898780171294708,-3.9551448213681626
12.987,20.3,20.9,20.6,19.7,20.7,21.6,19.8,22.0,22.8,50.4,19.6,19.8,19.7,18.9,18.8,18.9,18.8,18.8,18.6,19.5,17.5,18.0,19.0,19.0,0.7921100441214987,-3.9551448213681626
13.155,20.3,20.9,20.6,19.7,20.7,21.6,19.8,22.1,22.8,50.4,19.7,19.8,19.7,18.8,18.8,18.8,18.8,18.9,18.7,19.5,17.5,18.0,19.0,19.0,0.7921100441214987,-3.9551448213681626
13.325,20.3,20.9,20.6,19.7,20.7,21.7,19.8,22.1,22.8,50.4,19.7,19.8,19.7,18.9,18.9,18.8,18.8,18.8,18.7,19.6,17.4,18.0,19.0,19.0,0.7921100441214987,-3.869266313535444
13.493,20.3,20.9,20.6,19.7,20.7,21.7,19.8,22.1,22.8,50.4,19.7,19.8,19.7,18.9,18.9,18.9,18.8,18.8,18.6,19.6,17.5,18.0,19.0,19.0,0.7921100441214987,-3.869266313535444
13.662,20.3,20.9,20.6,19.7,20.7,21.7,19.9,22.1,22.9,50.4,19.7,19.8,19.7,19.0,19.0,18.8,18.8,18.8,18.6,19.6,17.5,18.0,19.0,19.0,0.7921100441214987,-3.869266313535444
13.831,20.3,21.0,20.6,19.7,20.7,21.7,19.8,22.1,22.9,50.4,19.7,19.8,19.7,18.9,18.9,18.8,18.8,18.8,18.6,19.6,17.5,18.0,19.0,19.0,0.7921100441214987,-3.869266313535444
13.999,20.3,21.0,20.6,19.7,20.7,21.8,19.9,22.1,22.9,50.4,19.7,19.8,19.7,18.9,18.9,18.9,18.8,18.9,18.7,19.6,17.4,18.0,19.0,19.0,0.7921100441214987,-3.9551448213681626
14.168,20.4,21.0,20.7,19.7,20.8,21.8,19.9,22.2,23.0,50.4,19.7,19.8,19.7,18.9,18.9,18.9,18.8,18.9,18.7,19.7,17.5,18.0,19.0,19.0,0.7921100441214987,-3.9551448213681626
14.337,20.3,21.0,20.7,19.7,20.8,21.8,19.9,22.2,23.0,50.4,19.7,19.8,19.7,18.9,19.0,18.9,18.8,18.9,18.7,19.7,17.4,18.0,19.0,19.0,0.7921100441214987,-3.869266313535444
14.505,20.3,21.0,20.7,19.7,20.8,21.8,19.9,22.2,23.0,50.4,19.7,19.8,19.7,19.0,18.9,18.9,18.8,19.0,18.7,19.7,17.4,18.0,19.0,19.0,0.5938229950687214,-3.869266313535444
14.674,20.3,21.0,20.7,19.7,20.8,21.8,19.9,22.2,23.0,50.4,19.7,19.8,19.7,18.9,18.9,18.9,18.8,18.9,18.7,19.8,17.4,18.0,19.0,19.0,0.5938229950687214,-3.869266313535444
14.843,20.3,21.0,20.7,19.8,20.8,21.9,19.9,22.3,23.0,50.4,19.7,19.9,19.7,19.0,19.0,18.9,18.8,18.9,18.7,19.8,17.4,18.0,19.0,19.0,0.5938229950687214,-4.2132311506818585
15.012,20.3,21.1,20.7,19.7,20.8,21.9,19.9,22.3,23.1,50.4,19.7,19.9,19.7,19.0,19.0,18.9,18.9,19.0,18.8,19.8,17.4,18.0,19.0,19.0,0.5938229950687214,-4.2132311506818585
15.181,20.4,21.1,20.7,19.8,20.8,21.9,19.9,22.3,23.1,50.4,19.7,19.9,19.7,18.9,18.9,18.9,18.9,19.0,18.7,19.8,17.3,18.0,19.0,19.0,0.5938229950687214,-6.018933844246585
15.35,20.4,21.1,20.7,19.8,20.8,21.9,19.9,22.3,23.1,50.4,19.7,19.9,19.7,18.9,18.9,18.9,18.9,19.0,18.7,19.8,17.4,18.0,19.0,19.0,0.5938229950687214,-6.018933844246585
15.519,20.4,21.1,20.7,19.8,20.8,21.9,19.9,22.3,23.1,50.4,19.7,19.9,19.7,18.9,18.9,19.0,18.9,18.9,18.7,19.8,17.4,18.0,19.0,19.0,0.5938229950687214,-6.018933844246585
15.688,20.4,21.1,20.7,19.8,20.8,22.0,19.9,22.4,23.2,50.4,19.7,19.9,19.7,18.9,18.9,19.0,18.9,19.0,18.8,19.8,17.4,18.0,19.0,19.0,0.7921100441214987,-6.018933844246585
15.856,20.4,21.1,20.8,19.7,20.9,22.0,19.9,22.4,23.2,50.4,19.7,19.9,19.8,18.9,18.9,18.9,18.9,19.0,18.7,19.9,17.5,18.0,19.0,19.0,0.7921100441214987,-5.932829933506096
16.025,20.4,21.2,20.8,19.8,20.9,22.0,19.9,22.4,23.2,50.4,19.7,19.9,19.8,18.9,18.9,19.0,18.9,19.0,18.7,19.9,17.5,18.0,19.0,19.0,0.5938229950687214,-5.846951425673377
16.194,20.4,21.2,20.8,19.8,20.9,22.0,19.9,22.4,23.2,50.4,19.7,19.9,19.8,19.0,19.0,18.9,18.9,19.0,18.8,19.9,17.4,18.0,19.0,19.0,0.5938229950687214,-5.846951425673377
16.362,20.4,21.2,20.8,19.8,20.9,22.1,19.9,22.4,23.3,50.4,19.7,19.9,19.8,18.9,18.9,18.9,18.8,19.0,18.8,19.9,17.4,18.0,19.0,19.0,0.39605502206074933,-6.018933844246585
16.531,20.4,21.2,20.8,19.8,20.9,22.1,19.9,22.4,23.3,50.4,19.7,19.9,19.8,19.0,19.0,18.9,18.8,19.0,18.8,19.8,17.4,18.0,19.0,19.0,0.39605502206074933,-6.018933844246585
16.699,20.4,21.2,20.8,19.8,20.9,22.1,19.9,22.5,23.3,50.4,19.7,19.9,19.8,19.0,19.0,19.0,18.9,19.0,18.7,19.9,17.4,18.0,19.0,19.0,0.39605502206074933,-6.018933844246585
16.868,20.4,21.2,20.8,19.8,20.9,22.1,19.9,22.5,23.3,50.4,19.7,19.9,19.8,19.0,18.9,18.9,18.9,19.0,18.8,19.9,17.4,18.0,19.0,19.0,0.39605502206074933,-6.018933844246585
17.037,20.4,21.2,20.9,19.8,20.9,22.1,19.9,22.5,23.3,50.4,19.7,19.9,19.8,19.0,19.1,18.9,18.8,19.0,18.8,19.9,17.3,18.0,19.0,19.0,0.39605502206074933,-6.018933844246585
17.712,20.4,21.3,20.9,19.8,20.9,22.2,19.9,22.6,23.4,50.5,19.7,19.9,19.8,19.0,19.0,19.0,19.0,19.1,18.8,20.0,17.4,18.0,19.0,19.0,0.39605502206074933,-6.104812352079303
18.388,20.5,21.3,20.9,19.8,21.0,22.3,19.9,22.7,23.5,50.5,19.7,19.9,19.8,19.0,19.0,19.1,18.9,19.1,18.9,20.2,17.4,18.0,19.0,19.0,-0.9898780171294708,-6.018933844246585
19.061,20.5,21.4,20.9,19.8,21.0,22.4,20.0,22.7,23.5,50.5,19.7,19.9,19.8,19.0,19.0,19.1,18.9,19.2,18.9,20.3,17.5,18.0,19.0,19.0,-0.7921100441214987,-5.932829933506096
19.736,20.5,21.4,21.0,19.8,21.0,22.4,19.9,22.8,23.6,50.5,19.7,20.0,19.8,19.0,19.0,19.1,18.9,19.2,18.9,20.2,17.4,18.0,19.0,19.0,-1.38593303919022,-5.846951425673377
20.411,20.6,21.5,21.0,19.8,21.1,22.5,20.0,22.9,23.6,50.5,19.7,20.0,19.9,19.0,19.1,19.1,18.9,19.2,18.9,20.3,17.3,18.0,19.0,19.0,-1.38593303919022,-5.932829933506096
21.086,20.6,21.5,21.1,19.9,21.1,22.5,20.0,22.9,23.7,50.5,19.8,20.0,19.9,19.1,19.1,19.1,18.9,19.3,18.9,20.3,17.3,18.0,19.0,19.0,-2.1780430833117186,-5.846951425673377
21.762,20.6,21.6,21.1,19.9,21.1,22.6,20.0,23.0,23.8,50.5,19.8,20.0,19.9,19.1,19.1,19.1,19.0,19.3,18.9,20.4,17.3,18.0,19.0,19.0,-2.3763301323643486,-5.846951425673377
22.437,20.6,21.6,21.2,19.9,21.2,22.7,20.0,23.1,23.8,50.6,19.8,20.0,19.9,19.2,19.2,19.1,18.9,19.3,19.0,20.4,17.4,18.0,19.0,19.0,-2.1780430833117186,-8.16837597205002
23.111,20.7,21.7,21.2,19.9,21.2,22.7,20.0,23.2,23.9,50.6,19.8,20.0,19.9,19.2,19.2,19.2,19.1,19.4,19.0,20.6,17.4,18.0,19.0,19.0,-1.9802751103035992,-8.082497464217301
23.786,20.7,21.7,21.3,19.9,21.2,22.8,20.0,23.2,23.9,50.6,19.8,20.1,19.9,19.2,19.3,19.2,19.0,19.4,19.0,20.6,17.4,18.0,19.0,19.0,-2.5740981053724683,-8.082497464217301
24.462,20.7,21.8,21.3,19.9,21.3,22.8,20.0,23.3,24.0,50.6,19.8,20.1,20.0,19.2,19.2,19.1,18.9,19.4,19.0,20.7,17.3,18.0,19.0,19.0,-2.1780430833117186,-8.082497464217301
25.136,20.8,21.8,21.3,19.9,21.3,22.9,20.0,23.4,24.0,50.6,19.9,20.1,20.0,19.2,19.2,19.3,19.1,19.5,19.0,20.7,17.3,18.0,19.0,19.0,-2.3763301323643486,-8.082497464217301
25.811,20.8,21.9,21.4,19.9,21.3,22.9,20.1,23.4,24.1,50.6,19.9,20.1,20.0,19.2,19.3,19.3,19.1,19.5,19.1,20.7,17.4,18.0,19.0,19.0,-2.9701531274332176,-8.082497464217301
26.487,20.8,21.9,21.4,20.0,21.3,23.0,20.1,23.5,24.1,50.6,19.9,20.1,20.0,19.2,19.3,19.3,19.1,19.5,19.2,20.8,17.4,18.0,19.0,19.0,-3.762263171554716,-8.082497464217301
27.162,20.9,22.0,21.5,20.0,21.4,23.0,20.1,23.6,24.2,50.7,19.9,20.2,20.0,19.3,19.3,19.3,19.1,19.5,19.0,20.9,17.4,18.0,19.0,19.0,-3.9600311445626883,-8.082497464217301
27.835,20.9,22.0,21.5,20.0,21.4,23.1,20.1,23.6,24.2,50.7,19.9,20.2,20.0,19.2,19.2,19.3,19.1,19.5,19.1,20.9,17.4,18.0,19.0,19.0,-4.356086166623437,-7.996393553476814
28.509,20.9,22.1,21.6,20.0,21.4,23.1,20.1,23.7,24.3,50.7,19.9,20.2,20.1,19.3,19.3,19.3,19.1,19.5,19.0,20.9,17.5,18.0,19.0,19.0,-4.554373215676067,-7.996393553476814
29.184,20.9,22.1,21.6,20.0,21.5,23.2,20.2,23.8,24.3,50.7,20.0,20.2,20.1,19.2,19.2,19.4,19.2,19.6,19.1,21.1,17.5,18.0,19.0,19.0,-4.9504282377368165,-8.082497464217301
29.859,21.0,22.2,21.7,20.0,21.5,23.2,20.2,23.8,24.3,50.7,20.0,20.3,20.1,19.3,19.3,19.3,19.1,19.7,19.2,21.1,17.5,18.0,19.0,19.0,-5.148196210744937,-10.318043502761162
30.534,21.0,22.2,21.7,20.0,21.5,23.3,20.2,23.9,24.3,50.7,20.0,20.2,20.1,19.3,19.4,19.4,19.1,19.7,19.2,21.2,17.4,18.0,19.0,19.0,-5.148196210744937,-10.318043502761162
31.209,21.1,22.3,21.8,20.0,21.5,23.3,20.2,23.9,24.4,50.8,20.0,20.3,20.1,19.3,19.3,19.4,19.1,19.8,19.2,21.3,17.5,18.0,19.0,19.0,-5.148196210744937,-10.318043502761162
31.885,21.1,22.3,21.8,20.1,21.6,23.3,20.2,24.0,24.4,50.8,20.0,20.3,20.2,19.3,19.3,19.4,19.2,19.8,19.2,21.3,17.4,18.0,19.0,19.0,-5.148196210744937,-10.318043502761162
32.56,21.1,22.4,21.8,20.1,21.6,23.4,20.2,24.0,24.5,50.8,20.0,20.3,20.2,19.3,19.4,19.5,19.2,19.8,19.3,21.4,17.4,18.0,19.0,19.0,-4.9504282377368165,-10.146061084187954
33.235,21.1,22.4,21.9,20.1,21.6,23.4,20.2,24.1,24.5,50.8,20.0,20.3,20.2,19.3,19.4,19.6,19.2,19.8,19.3,21.5,17.4,18.0,19.0,19.0,-5.148196210744937,-10.232164994928443
33.911,21.2,22.5,22.0,20.1,21.6,23.4,20.2,24.2,24.5,50.8,20.0,20.3,20.2,19.3,19.4,19.6,19.2,19.9,19.4,21.4,17.4,18.0,19.0,19.0,-5.148196210744937,-10.146061084187954
34.585,21.2,22.5,22.0,20.1,21.7,23.5,20.3,24.2,24.5,50.8,20.0,20.4,20.3,19.3,19.4,19.6,19.2,19.9,19.3,21.5,17.4,18.0,19.0,19.0,-5.148196210744937,-10.232164994928443
35.258,21.3,22.5,22.1,20.1,21.7,23.5,20.3,24.3,24.5,50.9,20.0,20.4,20.2,19.4,19.4,19.6,19.2,19.9,19.4,21.7,17.6,18.0,19.0,19.0,-5.742538281858315,-10.146061084187954
35.934,21.3,22.6,22.1,20.2,21.7,23.5,20.3,24.3,24.6,50.9,20.1,20.4,20.3,19.4,19.5,19.5,19.2,20.0,19.4,21.7,17.6,18.0,19.0,19.0,-6.138593303919065,-10.919869266313503
36.608,21.3,22.7,22.1,20.2,21.7,23.6,20.3,24.3,24.6,50.9,20.1,20.5,20.3,19.4,19.5,19.5,19.2,20.0,19.4,21.8,17.7,18.0,19.0,19.0,-6.336361276927037,-12.467711033472304
37.283,21.4,22.7,22.2,20.2,21.8,23.6,20.3,24.4,24.6,50.9,20.1,20.4,20.3,19.4,19.5,19.6,19.2,20.1,19.4,21.8,17.6,18.0,19.0,19.0,-6.534129249935156,-12.381607122731879
37.957,21.4,22.7,22.2,20.2,21.8,23.7,20.3,24.5,24.7,50.9,20.1,20.5,20.3,19.5,19.5,19.6,19.2,20.1,19.5,21.8,17.5,18.0,19.0,19.0,-5.346483259797566,-12.467711033472304
38.631,21.4,22.8,22.3,20.2,21.8,23.7,20.4,24.5,24.7,50.9,20.1,20.5,20.4,19.4,19.5,19.6,19.2,20.1,19.5,21.8,17.6,18.0,19.0,19.0,-6.732416298987786,-12.467711033472304
39.307,21.5,22.8,22.3,20.2,21.8,23.7,20.4,24.6,24.7,50.9,20.1,20.5,20.4,19.4,19.5,19.7,19.3,20.2,19.5,21.9,17.6,18.0,19.0,19.0,-6.336361276927037,-13.069536797024643
39.982,21.5,22.8,22.4,20.2,21.9,23.7,20.4,24.6,24.7,51.0,20.2,20.5,20.4,19.5,19.6,19.7,19.3,20.2,19.5,21.9,17.5,18.0,19.0,19.0,-6.336361276927037,-13.92944888989068
40.657,21.5,22.9,22.4,20.2,21.9,23.8,20.4,24.7,24.8,51.0,20.1,20.6,20.4,19.5,19.6,19.8,19.4,20.2,19.6,22.0,17.5,18.0,19.0,19.0,-6.9301842719959055,-14.617378564183444
41.332,21.6,23.0,22.5,20.3,21.9,23.8,20.4,24.8,24.8,51.0,20.2,20.6,20.4,19.6,19.7,19.7,19.3,20.2,19.5,22.1,17.5,18.0,19.0,19.0,-6.9301842719959055,-12.381607122731879
42.007,21.6,23.0,22.6,20.3,21.9,23.9,20.4,24.8,24.8,51.0,20.2,20.6,20.5,19.6,19.7,19.8,19.3,20.2,19.5,22.1,17.6,18.0,19.0,19.0,-6.9301842719959055,-14.101431308463887
42.682,21.6,23.0,22.6,20.3,22.0,23.9,20.4,24.8,24.8,51.0,20.2,20.6,20.5,19.6,19.7,19.8,19.3,20.3,19.6,22.2,17.6,18.0,19.0,19.0,-7.920581365170034,-13.413501634171057
43.358,21.7,23.1,22.7,20.3,22.0,23.9,20.4,24.9,24.9,51.1,20.2,20.6,20.5,19.5,19.7,19.8,19.4,20.4,19.7,22.2,17.7,18.0,19.0,19.0,-7.722294316117257,-14.617378564183444
44.034,21.7,23.1,22.7,20.3,22.0,23.9,20.5,24.9,24.9,51.1,20.2,20.7,20.5,19.5,19.7,19.9,19.4,20.3,19.6,22.1,17.6,18.0,19.0,19.0,-7.920581365170034,-14.617378564183444
44.71,21.8,23.2,22.7,20.3,22.0,24.0,20.5,24.9,24.9,51.1,20.2,20.7,20.5,19.6,19.7,19.9,19.4,20.3,19.7,22.3,17.6,18.0,19.0,19.0,-7.722294316117257,-14.445396145610237
45.386,21.8,23.2,22.8,20.3,22.1,24.0,20.5,25.0,24.9,51.1,20.3,20.7,20.6,19.7,19.8,20.0,19.4,20.4,19.7,22.3,17.5,18.0,19.0,19.0,-7.326239294056655,-14.445396145610237
46.06,21.8,23.3,22.8,20.4,22.1,24.0,20.5,25.1,24.9,51.2,20.3,20.7,20.6,19.6,19.8,19.9,19.3,20.4,19.7,22.4,17.6,18.0,19.0,19.0,-7.326239294056655,-15.04722190916264
46.735,21.9,23.3,22.9,20.4,22.1,24.0,20.5,25.1,25.0,51.1,20.3,20.8,20.6,19.7,19.8,19.9,19.4,20.4,19.7,22.4,17.5,18.0,19.0,19.0,-7.524526343109285,-16.76682069198688
47.41,21.9,23.3,23.0,20.4,22.1,24.1,20.5,25.1,25.0,51.2,20.3,20.8,20.6,19.7,19.8,19.9,19.4,20.5,19.8,22.5,17.7,18.0,19.0,19.0,-7.326239294056655,-16.76682069198688
48.085,21.9,23.4,23.0,20.4,22.1,24.1,20.5,25.2,25.0,51.2,20.3,20.8,20.6,19.6,19.7,19.9,19.4,20.4,19.7,22.5,17.7,18.0,19.0,19.0,-7.524526343109285,-16.680942184154162
48.761,22.0,23.4,23.0,20.4,22.2,24.1,20.6,25.2,25.0,51.2,20.3,20.8,20.7,19.7,19.8,20.0,19.4,20.5,19.8,22.5,17.8,18.0,19.0,19.0,-7.920581365170034,-16.680942184154162
49.436,22.0,23.5,23.1,20.4,22.2,24.1,20.6,25.3,25.0,51.3,20.3,20.9,20.7,19.7,19.9,20.1,19.4,20.6,19.8,22.6,17.9,18.0,19.0,19.0,-7.920581365170034,-16.76682069198688
50.111,22.1,23.5,23.1,20.4,22.2,24.2,20.6,25.3,25.1,51.3,20.3,20.9,20.7,19.7,19.8,20.1,19.5,20.7,19.9,22.6,17.9,18.0,19.0,19.0,-7.722294316117257,-16.76682069198688
50.785,22.1,23.6,23.2,20.5,22.3,24.2,20.6,25.4,25.1,51.3,20.3,20.9,20.8,19.7,19.8,20.1,19.5,20.7,19.9,22.7,17.8,18.0,19.0,19.0,-7.920581365170034,-16.76682069198688
51.46,22.1,23.6,23.2,20.5,22.3,24.2,20.6,25.4,25.1,51.3,20.3,20.9,20.7,19.8,19.9,20.1,19.4,20.7,19.9,22.7,17.8,18.0,19.0,19.0,-7.722294316117257,-16.76682069198688
52.136,22.2,23.6,23.3,20.5,22.3,24.2,20.6,25.5,25.1,51.3,20.4,20.9,20.8,19.8,20.0,20.2,19.5,20.7,19.9,22.7,17.7,18.0,19.0,19.0,-7.722294316117257,-16.680942184154162
52.811,22.2,23.7,23.3,20.5,22.3,24.2,20.6,25.5,25.1,51.3,20.4,20.9,20.8,19.8,19.9,20.1,19.4,20.7,19.9,22.8,17.8,18.0,19.0,19.0,-7.524526343109285,-16.680942184154162
53.486,22.3,23.7,23.4,20.5,22.4,24.3,20.7,25.5,25.1,51.3,20.4,21.0,20.8,19.8,19.9,20.2,19.5,20.7,19.9,22.9,17.8,18.0,19.0,19.0,-7.722294316117257,-16.680942184154162
54.162,22.3,23.7,23.4,20.5,22.4,24.3,20.7,25.6,25.1,51.4,20.4,21.0,20.9,19.9,20.0,20.2,19.5,20.7,19.9,22.9,17.8,18.0,19.0,19.0,-7.524526343109285,-18.916488222698085
54.837,22.3,23.8,23.5,20.6,22.4,24.3,20.7,25.6,25.2,51.4,20.4,21.0,20.9,19.9,20.0,20.2,19.6,20.8,19.9,22.9,17.7,18.0,19.0,19.0,-7.920581365170034,-18.916488222698085
55.512,22.3,23.8,23.5,20.6,22.4,24.3,20.7,25.7,25.2,51.4,20.4,21.0,20.9,19.8,20.0,20.2,19.5,20.8,20.0,23.0,17.7,18.0,19.0,19.0,-7.1284713210485355,-18.916488222698085
56.186,22.4,23.9,23.6,20.6,22.4,24.3,20.7,25.7,25.2,51.4,20.5,21.1,20.9,19.9,20.0,20.2,19.6,20.8,20.0,23.0,17.7,18.0,19.0,19.0,-7.524526343109285,-17.712611292685636
56.862,22.4,23.9,23.6,20.6,22.5,24.4,20.7,25.7,25.2,51.4,20.4,21.1,20.9,19.8,20.0,20.2,19.5,20.8,20.0,23.0,17.7,18.0,19.0,19.0,-7.920581365170034,-18.916488222698085
57.537,22.5,23.9,23.7,20.6,22.5,24.4,20.8,25.8,25.2,51.5,20.5,21.1,20.9,19.9,20.0,20.2,19.6,20.8,20.0,23.0,17.6,18.0,19.0,19.0,-7.722294316117257,-19.002592133438508
58.211,22.5,24.0,23.7,20.6,22.5,24.4,20.7,25.8,25.2,51.5,20.5,21.1,21.0,19.9,20.0,20.3,19.6,20.9,20.0,23.1,17.7,18.0,19.0,19.0,-7.920581365170034,-18.916488222698085
58.886,22.5,24.0,23.8,20.6,22.5,24.4,20.8,25.8,25.3,51.5,20.5,21.2,21.0,19.9,20.1,20.2,19.6,20.8,19.9,23.1,17.6,18.0,19.0,19.0,-7.326239294056655,-19.002592133438508
59.561,22.6,24.0,23.8,20.7,22.6,24.5,20.8,25.9,25.3,51.5,20.5,21.2,21.0,20.0,20.1,20.3,19.6,20.9,20.0,23.1,17.5,18.0,19.0,19.0,-7.524526343109285,-18.916488222698085
60.237,22.6,24.1,23.9,20.7,22.6,24.5,20.8,25.9,25.3,51.5,20.5,21.2,21.0,19.9,20.0,20.4,19.7,21.0,20.2,23.1,17.6,18.0,19.0,19.0,-7.722294316117257,-18.916488222698085
60.912,22.7,24.1,23.9,20.7,22.6,24.5,20.8,26.0,25.3,51.5,20.5,21.2,21.1,20.0,20.2,20.3,19.6,21.0,20.1,23.1,17.6,18.0,19.0,19.0,-7.524526343109285,-18.916488222698085
61.586,22.7,24.2,23.9,20.7,22.7,24.5,20.8,26.0,25.3,51.6,20.6,21.2,21.1,20.0,20.2,20.3,19.6,21.0,20.2,23.2,17.6,18.0,19.0,19.0,-7.1284713210485355,-19.002592133438508
62.262,22.7,24.2,24.0,20.7,22.7,24.5,20.8,26.0,25.3,51.6,20.6,21.3,21.1,20.0,20.2,20.3,19.7,21.0,20.1,23.4,17.7,18.0,19.0,19.0,-6.534129249935156,-18.916488222698085
62.937,22.7,24.3,24.0,20.7,22.7,24.5,20.8,26.0,25.4,51.6,20.6,21.3,21.1,20.1,20.2,20.3,19.6,21.1,20.2,23.4,17.7,18.0,19.0,19.0,-7.1284713210485355,-19.60441789699085
63.613,22.8,24.3,24.1,20.8,22.7,24.5,20.9,26.1,25.4,51.6,20.6,21.3,21.2,20.0,20.2,20.4,19.7,21.1,20.2,23.5,17.8,18.0,19.0,19.0,-7.1284713210485355,-18.916488222698085
64.288,22.8,24.3,24.1,20.8,22.7,24.6,20.9,26.1,25.4,51.7,20.6,21.3,21.2,20.0,20.2,20.4,19.6,21.1,20.3,23.4,17.7,18.0,19.0,19.0,-7.1284713210485355,-18.916488222698085
64.963,22.9,24.3,24.2,20.8,22.7,24.6,20.9,26.2,25.4,51.7,20.6,21.4,21.2,20.0,20.2,20.5,19.7,21.1,20.2,23.5,17.9,18.0,19.0,19.0,-7.1284713210485355,-19.17434914910401
65.638,22.9,24.4,24.2,20.8,22.8,24.6,20.9,26.2,25.4,51.7,20.6,21.4,21.2,20.1,20.2,20.6,19.7,21.0,20.2,23.5,17.8,18.0,19.0,19.0,-6.9301842719959055,-19.776400315564057
66.314,22.9,24.4,24.2,20.8,22.8,24.6,20.9,26.3,25.4,51.7,20.6,21.4,21.2,20.0,20.2,20.4,19.7,21.1,20.2,23.5,17.8,18.0,19.0,19.0,-6.9301842719959055,-20.20624366054319
66.988,23.0,24.5,24.3,20.8,22.8,24.7,20.9,26.3,25.4,51.7,20.7,21.4,21.2,20.1,20.3,20.4,19.7,21.1,20.3,23.6,17.9,18.0,19.0,19.0,-6.732416298987786,-20.3782260791164
67.663,23.0,24.5,24.3,20.8,22.8,24.7,20.9,26.3,25.5,51.7,20.7,21.4,21.3,20.1,20.2,20.5,19.7,21.1,20.3,23.5,17.8,18.0,19.0,19.0,-6.534129249935156,-21.152034261241944
68.337,23.0,24.5,24.4,20.9,22.8,24.7,20.9,26.3,25.5,51.7,20.7,21.5,21.3,20.1,20.3,20.4,19.7,21.3,20.3,23.5,17.8,18.0,19.0,19.0,-6.534129249935156,-21.152034261241944
69.013,23.1,24.6,24.4,20.9,22.9,24.7,20.9,26.4,25.5,51.8,20.7,21.5,21.3,20.1,20.2,20.5,19.7,21.2,20.3,23.5,17.8,18.0,19.0,19.0,-5.544251232805686,-21.066155753409227
69.688,23.1,24.6,24.5,20.9,22.9,24.7,21.0,26.4,25.5,51.8,20.7,21.5,21.3,20.2,20.3,20.6,19.8,21.3,20.3,23.5,17.7,18.0,19.0,19.0,-5.346483259797566,-21.066155753409227
70.363,23.2,24.6,24.5,20.9,22.9,24.7,21.0,26.4,25.5,51.8,20.7,21.5,21.3,20.1,20.3,20.6,19.7,21.2,20.3,23.6,17.8,18.0,19.0,19.0,-5.544251232805686,-21.152034261241944
71.037,23.2,24.7,24.5,20.9,23.0,24.7,21.0,26.5,25.6,51.8,20.7,21.5,21.4,20.2,20.3,20.6,19.7,21.3,20.4,23.6,17.7,18.0,19.0,19.0,-5.544251232805686,-21.152034261241944
71.715,23.2,24.7,24.6,20.9,23.0,24.7,21.0,26.5,25.6,51.8,20.7,21.6,21.4,20.2,20.3,20.5,19.7,21.3,20.4,23.7,17.7,18.0,19.0,19.0,-5.346483259797566,-21.066155753409227
72.39,23.2,24.7,24.6,20.9,23.0,24.8,21.0,26.5,25.6,51.9,20.7,21.6,21.4,20.3,20.4,20.6,19.8,21.4,20.4,23.6,17.7,18.0,19.0,19.0,-5.940306254866288,-21.152034261241944
73.066,23.3,24.8,24.7,21.0,23.0,24.8,21.0,26.6,25.6,51.9,20.8,21.6,21.4,20.2,20.3,20.6,19.7,21.4,20.4,23.7,17.7,18.0,19.0,19.0,-5.544251232805686,-21.152034261241944
73.741,23.3,24.8,24.7,21.0,23.0,24.8,21.0,26.6,25.6,51.9,20.8,21.6,21.4,20.3,20.5,20.7,19.8,21.5,20.5,23.7,17.7,18.0,19.0,19.0,-6.138593303919065,-21.066155753409227
74.418,23.3,24.8,24.8,21.0,23.0,24.8,21.1,26.6,25.6,51.9,20.8,21.6,21.4,20.2,20.4,20.6,19.7,21.4,20.5,23.9,17.8,18.0,19.0,19.0,-6.138593303919065,-21.066155753409227
75.091,23.4,24.9,24.8,21.0,23.1,24.8,21.1,26.7,25.6,52.0,20.8,21.7,21.5,20.3,20.5,20.7,19.8,21.5,20.5,23.7,17.8,18.0,19.0,19.0,-5.940306254866288,-21.066155753409227
75.766,23.4,24.9,24.8,21.0,23.1,24.8,21.1,26.7,25.6,52.0,20.8,21.7,21.5,20.3,20.4,20.7,19.8,21.5,20.5,23.9,17.8,18.0,19.0,19.0,-5.544251232805686,-21.066155753409227
76.441,23.4,24.9,24.9,21.0,23.1,24.9,21.1,26.7,25.7,52.0,20.8,21.7,21.5,20.3,20.4,20.7,19.9,21.5,20.5,23.9,17.8,18.0,19.0,19.0,-5.544251232805686,-23.38758029978587
77.117,23.5,24.9,24.9,21.0,23.1,24.9,21.1,26.7,25.7,52.0,20.8,21.7,21.5,20.2,20.4,20.8,19.8,21.5,20.5,23.9,17.9,18.0,19.0,19.0,-5.544251232805686,-23.47368421052629
77.793,23.5,25.0,24.9,21.1,23.1,24.9,21.1,26.8,25.7,52.0,20.9,21.7,21.5,20.3,20.5,20.8,19.9,21.5,20.5,23.9,17.8,18.0,19.0,19.0,-5.544251232805686,-23.38758029978587
78.471,23.6,25.0,25.0,21.1,23.2,24.9,21.1,26.8,25.7,52.0,20.9,21.8,21.5,20.4,20.6,20.8,19.8,21.5,20.5,23.9,17.8,18.0,19.0,19.0,-5.544251232805686,-23.38758029978587
79.147,23.6,25.1,25.0,21.1,23.2,24.9,21.2,26.9,25.7,52.0,20.9,21.8,21.6,20.4,20.5,20.8,19.9,21.5,20.5,23.9,17.8,18.0,19.0,19.0,-5.544251232805686,-23.38758029978587
79.823,23.6,25.1,25.1,21.1,23.2,24.9,21.2,26.9,25.7,52.1,20.9,21.8,21.6,20.3,20.5,20.8,19.9,21.6,20.7,23.9,17.8,18.0,19.0,19.0,-5.346483259797566,-23.47368421052629
80.497,23.6,25.1,25.1,21.1,23.2,24.9,21.2,26.9,25.7,52.1,20.9,21.8,21.6,20.4,20.7,20.8,19.8,21.6,20.6,24.0,17.8,18.0,19.0,19.0,-5.544251232805686,-23.47368421052629
81.173,23.7,25.2,25.2,21.2,23.3,25.0,21.2,26.9,25.8,52.1,20.9,21.8,21.6,20.4,20.6,20.8,19.9,21.6,20.7,24.0,17.8,18.0,19.0,19.0,-5.544251232805686,-23.47368421052629
81.848,23.7,25.2,25.2,21.2,23.3,25.0,21.2,26.9,25.7,52.1,20.9,21.9,21.7,20.4,20.6,20.8,19.9,21.6,20.7,24.1,17.9,18.0,19.0,19.0,-5.742538281858315,-23.47368421052629
82.524,23.7,25.2,25.2,21.2,23.3,25.0,21.2,27.0,25.8,52.2,20.9,21.9,21.7,20.4,20.6,20.9,19.9,21.6,20.6,24.1,17.8,18.0,19.0,19.0,-5.544251232805686,-23.47368421052629
83.2,23.8,25.2,25.3,21.2,23.3,25.0,21.2,27.0,25.8,52.2,20.9,21.9,21.7,20.4,20.6,20.9,19.8,21.7,20.7,24.2,18.0,18.0,19.0,19.0,-5.544251232805686,-23.47368421052629
83.876,23.8,25.3,25.3,21.2,23.3,25.0,21.2,27.1,25.8,52.2,21.0,21.9,21.7,20.5,20.7,20.9,20.0,21.7,20.7,24.1,17.9,18.0,19.0,19.0,-4.752141188684187,-23.47368421052629
84.551,23.8,25.3,25.4,21.2,23.4,25.1,21.3,27.1,25.8,52.2,21.0,21.9,21.7,20.4,20.7,20.9,19.9,21.8,20.8,24.1,17.9,18.0,19.0,19.0,-4.158318193615318,-23.38758029978587
85.225,23.9,25.3,25.4,21.2,23.4,25.1,21.3,27.1,25.8,52.2,21.0,22.0,21.8,20.5,20.7,20.9,19.9,21.7,20.8,24.1,17.9,18.0,19.0,19.0,-3.762263171554716,-23.38758029978587
85.899,23.9,25.4,25.4,21.2,23.4,25.1,21.3,27.2,25.9,52.3,21.0,22.0,21.8,20.5,20.7,21.0,20.0,21.7,20.7,24.1,17.9,18.0,19.0,19.0,-3.563976122501939,-23.38758029978587
86.574,23.9,25.4,25.4,21.3,23.4,25.1,21.3,27.2,25.9,52.3,21.0,22.0,21.8,20.6,20.8,20.9,19.9,21.7,20.8,24.2,17.9,18.0,19.0,19.0,-3.563976122501939,-23.38758029978587
87.249,24.0,25.4,25.5,21.3,23.5,25.1,21.3,27.2,25.9,52.3,21.0,22.0,21.8,20.5,20.8,21.0,20.0,21.8,20.8,24.2,17.9,18.0,19.0,19.0,-3.9600311445626883,-23.47368421052629
87.923,24.0,25.4,25.5,21.3,23.5,25.1,21.3,27.2,25.9,52.3,21.0,22.0,21.8,20.5,20.7,20.9,20.0,21.7,20.7,24.2,17.9,18.0,19.0,19.0,-3.366208149493967,-23.38758029978587
88.599,24.0,25.5,25.6,21.3,23.5,25.1,21.3,27.2,25.9,52.3,21.0,22.1,21.8,20.5,20.7,21.0,20.1,21.8,20.8,24.3,18.0,18.0,19.0,19.0,-3.366208149493967,-23.38758029978587
89.273,24.1,25.5,25.6,21.3,23.5,25.1,21.3,27.2,25.9,52.3,21.1,22.1,21.9,20.5,20.7,21.0,20.1,21.8,20.8,24.2,17.9,18.0,19.0,19.0,-3.366208149493967,-23.47368421052629
89.949,24.1,25.5,25.7,21.3,23.5,25.1,21.4,27.3,25.9,52.3,21.1,22.1,21.9,20.5,20.7,21.0,20.0,21.8,20.8,24.2,17.8,18.0,19.0,19.0,-3.1679211004411894,-23.47368421052629
90.624,24.2,25.6,25.7,21.4,23.6,25.1,21.4,27.3,26.0,52.4,21.1,22.1,21.9,20.6,20.8,21.1,20.1,21.9,20.8,24.3,17.9,18.0,19.0,19.0,-3.1679211004411894,-23.47368421052629
91.299,24.2,25.6,25.7,21.4,23.6,25.2,21.4,27.3,25.9,52.4,21.1,22.1,21.9,20.5,20.8,21.1,20.1,21.9,20.8,24.2,17.8,18.0,19.0,19.0,-2.9701531274332176,-23.47368421052629
91.974,24.2,25.6,25.8,21.4,23.6,25.2,21.4,27.3,26.0,52.4,21.1,22.1,21.9,20.5,20.8,21.2,20.1,21.9,20.9,24.4,18.0,18.0,19.0,19.0,-2.3763301323643486,-25.623351741237435
92.649,24.2,25.7,25.8,21.4,23.6,25.2,21.4,27.4,26.0,52.4,21.1,22.1,22.0,20.7,20.9,21.2,20.1,21.9,20.9,24.4,17.9,18.0,19.0,19.0,-2.5740981053724683,-25.709230249070217
93.326,24.2,25.7,25.8,21.4,23.6,25.2,21.4,27.4,26.0,52.4,21.1,22.2,22.0,20.6,20.8,21.1,20.1,21.9,20.9,24.3,17.8,18.0,19.0,19.0,-2.1780430833117186,-25.709230249070217
94.001,24.3,25.7,25.8,21.4,23.7,25.2,21.4,27.4,26.0,52.5,21.2,22.2,22.0,20.7,20.9,21.2,20.1,22.0,20.9,24.5,17.8,18.0,19.0,19.0,-0.9898780171294708,-25.709230249070217
94.676,24.3,25.7,25.9,21.4,23.7,25.2,21.4,27.5,26.0,52.5,21.2,22.2,22.0,20.7,20.9,21.2,20.1,22.0,20.9,24.4,17.9,18.0,19.0,19.0,-0.5938229950687214,-25.3652654119238
95.351,24.3,25.8,26.0,21.5,23.7,25.2,21.5,27.5,26.0,52.5,21.2,22.2,22.0,20.6,20.8,21.3,20.2,22.0,20.9,24.3,17.8,18.0,19.0,19.0,-0.39605502206074933,-23.559562718359075
96.024,24.4,25.8,26.0,21.5,23.7,25.3,21.5,27.5,26.0,52.5,21.2,22.2,22.1,20.7,21.0,21.3,20.2,22.0,20.9,24.5,18.0,18.0,19.0,19.0,-0.39605502206074933,-24.24749239265184
96.7,24.4,25.8,26.0,21.5,23.7,25.3,21.5,27.5,26.1,52.5,21.2,22.3,22.1,20.7,20.9,21.3,20.2,22.0,20.9,24.5,17.9,18.0,19.0,19.0,-0.39605502206074933,-24.075509974078635
97.376,24.4,25.9,26.0,21.5,23.8,25.3,21.5,27.6,26.1,52.5,21.2,22.3,22.1,20.7,20.9,21.2,20.1,22.1,21.0,24.5,17.9,18.0,19.0,19.0,-0.5938229950687214,-25.623351741237435
98.051,24.5,25.9,26.0,21.5,23.8,25.3,21.5,27.6,26.1,52.5,21.2,22.3,22.1,20.8,21.0,21.3,20.2,22.0,20.9,24.6,18.1,18.0,19.0,19.0,-0.39605502206074933,-24.505578721965474
98.727,24.5,25.9,26.1,21.5,23.8,25.3,21.5,27.6,26.1,52.6,21.2,22.3,22.1,20.8,21.0,21.2,20.1,22.0,20.9,24.6,18.1,18.0,19.0,19.0,-0.39605502206074933,-25.1932829933506
99.402,24.5,26.0,26.1,21.5,23.8,25.3,21.5,27.6,26.1,52.6,21.2,22.3,22.1,20.7,21.0,21.2,20.1,22.1,21.0,24.5,18.0,18.0,19.0,19.0,-0.39605502206074933,-25.623351741237435
100.077,24.5,26.0,26.1,21.5,23.8,25.3,21.5,27.7,26.1,52.6,21.2,22.4,22.1,20.8,21.1,21.3,20.1,22.1,21.0,24.6,18.1,18.0,19.0,19.0,-0.39605502206074933,-25.709230249070217
100.751,24.6,26.0,26.2,21.6,23.9,25.4,21.6,27.7,26.2,52.6,21.3,22.4,22.2,20.8,21.0,21.3,20.1,22.1,21.0,24.6,18.1,18.0,19.0,19.0,-0.39605502206074933,-25.709230249070217
101.427,24.6,26.0,26.2,21.6,23.9,25.4,21.6,27.7,26.2,52.7,21.3,22.4,22.2,20.7,20.9,21.3,20.2,22.1,21.0,24.7,18.3,18.0,19.0,19.0,-0.39605502206074933,-25.709230249070217
102.102,24.6,26.1,26.3,21.6,23.9,25.4,21.6,27.8,26.2,52.7,21.3,22.4,22.2,20.7,21.0,21.3,20.2,22.2,21.0,24.7,18.3,18.0,19.0,19.0,-0.5938229950687214,-25.709230249070217
102.776,24.7,26.1,26.3,21.6,23.9,25.4,21.6,27.7,26.2,52.6,21.3,22.4,22.2,20.7,21.0,21.3,20.2,22.1,21.0,24.7,18.3,18.0,19.0,19.0,-0.39605502206074933,-25.709230249070217
103.451,24.7,26.1,26.3,21.6,23.9,25.4,21.6,27.8,26.2,52.7,21.3,22.4,22.2,20.8,21.0,21.2,20.1,22.2,21.1,24.7,18.2,18.0,19.0,19.0,-0.39605502206074933,-25.623351741237435
104.126,24.7,26.1,26.3,21.6,23.9,25.4,21.6,27.8,26.2,52.7,21.3,22.4,22.2,20.8,21.0,21.3,20.2,22.2,21.1,24.7,18.0,18.0,19.0,19.0,0.19776797300797203,-25.709230249070217
104.8,24.8,26.2,26.4,21.7,24.0,25.4,21.6,27.8,26.2,52.7,21.3,22.5,22.3,20.8,21.0,21.3,20.2,22.3,21.2,24.7,18.2,18.0,19.0,19.0,1.38593303919022,-25.709230249070217
105.473,24.8,26.2,26.4,21.7,24.0,25.4,21.7,27.8,26.2,52.7,21.3,22.5,22.3,20.8,21.0,21.3,20.2,22.3,21.2,24.7,18.1,18.0,19.0,19.0,0.9898780171294708,-25.709230249070217
106.148,24.8,26.2,26.5,21.7,24.0,25.4,21.7,27.8,26.2,52.7,21.4,22.5,22.3,20.8,21.1,21.4,20.3,22.3,21.2,24.7,18.1,18.0,19.0,19.0,1.188165066182248,-25.709230249070217
106.822,24.8,26.3,26.5,21.7,24.0,25.5,21.7,27.9,26.3,52.7,21.4,22.5,22.3,20.9,21.2,21.4,20.2,22.4,21.2,24.8,18.1,18.0,19.0,19.0,1.38593303919022,-25.623351741237435
107.498,24.9,26.3,26.5,21.7,24.1,25.5,21.7,27.9,26.3,52.8,21.4,22.5,22.4,20.9,21.1,21.5,20.3,22.4,21.2,24.8,18.1,18.0,19.0,19.0,2.1780430833117186,-25.709230249070217
108.173,24.9,26.3,26.5,21.7,24.1,25.5,21.7,27.9,26.3,52.8,21.4,22.5,22.4,20.8,21.1,21.5,20.3,22.4,21.2,24.8,18.1,18.0,19.0,19.0,1.9802751103035992,-25.709230249070217
108.847,24.9,26.3,26.6,21.7,24.1,25.5,21.7,27.9,26.3,52.8,21.4,22.6,22.4,20.9,21.2,21.5,20.3,22.4,21.2,24.8,18.1,18.0,19.0,19.0,1.9802751103035992,-25.709230249070217
109.522,25.0,26.4,26.6,21.8,24.1,25.5,21.7,27.9,26.3,52.8,21.4,22.6,22.4,20.9,21.2,21.5,20.3,22.4,21.3,24.9,18.3,18.0,19.0,19.0,2.3763301323643486,-25.709230249070217
110.196,25.0,26.4,26.6,21.8,24.1,25.5,21.7,28.0,26.3,52.9,21.4,22.6,22.4,20.9,21.2,21.5,20.3,22.4,21.2,24.9,18.1,18.0,19.0,19.0,2.1780430833117186,-25.709230249070217
110.87,25.0,26.4,26.7,21.8,24.2,25.5,21.8,28.0,26.3,52.9,21.4,22.6,22.4,21.0,21.2,21.5,20.3,22.4,21.2,24.8,18.1,18.0,19.0,19.0,2.5740981053724683,-25.709230249070217
111.545,25.1,26.4,26.7,21.8,24.2,25.6,21.8,28.0,26.3,52.9,21.5,22.6,22.4,21.0,21.2,21.5,20.3,22.3,21.2,24.8,18.1,18.0,19.0,19.0,2.3763301323643486,-25.709230249070217
112.219,25.1,26.5,26.7,21.8,24.2,25.6,21.8,28.1,26.4,52.9,21.5,22.7,22.4,20.9,21.3,21.5,20.3,22.3,21.2,25.0,18.2,18.0,19.0,19.0,2.5740981053724683,-25.623351741237435
112.893,25.1,26.5,26.8,21.8,24.2,25.6,21.8,28.1,26.3,52.9,21.5,22.7,22.5,20.9,21.2,21.5,20.3,22.5,21.3,24.9,18.2,18.0,19.0,19.0,2.772385154425098,-25.709230249070217
113.567,25.1,26.5,26.8,21.8,24.2,25.6,21.8,28.1,26.4,52.9,21.5,22.7,22.5,21.0,21.2,21.5,20.3,22.4,21.3,24.9,18.0,18.0,19.0,19.0,3.3662081494938194,-25.709230249070217
114.242,25.2,26.6,26.8,21.8,24.2,25.6,21.8,28.1,26.4,53.0,21.5,22.7,22.5,21.0,21.3,21.5,20.3,22.4,21.3,24.8,17.9,18.0,19.0,19.0,2.9701531274332176,-25.709230249070217
114.918,25.2,26.6,26.8,21.8,24.3,25.7,21.8,28.1,26.4,53.0,21.5,22.7,22.5,21.0,21.3,21.5,20.3,22.4,21.3,25.0,17.9,18.0,19.0,19.0,4.356086166623437,-25.623351741237435
115.592,25.2,26.6,26.9,21.9,24.3,25.6,21.8,28.1,26.4,53.0,21.5,22.7,22.5,21.0,21.3,21.5,20.3,22.3,21.3,24.9,17.9,18.0,19.0,19.0,4.9504282377368165,-26.741124760509397
116.266,25.2,26.6,26.9,21.9,24.3,25.6,21.8,28.1,26.4,53.0,21.5,22.7,22.5,21.1,21.3,21.5,20.3,22.5,21.3,24.8,17.8,18.0,19.0,19.0,4.752141188684187,-25.709230249070217
116.941,25.3,26.6,26.9,21.9,24.3,25.7,21.8,28.2,26.4,53.0,21.5,22.7,22.6,21.0,21.3,21.6,20.4,22.5,21.3,24.8,17.8,18.0,19.0,19.0,4.752141188684187,-26.483038431195762
117.615,25.3,26.7,26.9,21.9,24.3,25.7,21.9,28.2,26.5,53.0,21.5,22.7,22.6,21.0,21.3,21.5,20.3,22.6,21.4,24.8,17.9,18.0,19.0,19.0,4.9504282377368165,-25.623351741237435
118.289,25.3,26.7,27.0,21.9,24.4,25.7,21.9,28.2,26.5,53.0,21.6,22.7,22.6,21.0,21.3,21.5,20.3,22.6,21.4,24.9,18.1,18.0,19.0,19.0,4.752141188684187,-25.709230249070217
118.964,25.3,26.7,27.0,22.0,24.4,25.7,21.9,28.2,26.5,53.1,21.6,22.8,22.6,21.1,21.4,21.5,20.3,22.6,21.4,25.0,18.2,18.0,19.0,19.0,4.9504282377368165,-25.623351741237435
119.64,25.4,26.7,27.0,21.9,24.4,25.7,21.9,28.3,26.5,53.1,21.6,22.8,22.6,21.1,21.4,21.5,20.3,22.5,21.3,25.0,18.3,18.0,19.0,19.0,4.9504282377368165,-25.709230249070217
120.314,25.4,26.8,27.1,22.0,24.4,25.7,21.9,28.3,26.5,53.1,21.6,22.8,22.6,21.1,21.3,21.6,20.4,22.6,21.3,25.1,18.3,18.0,19.0,19.0,4.9504282377368165,-25.709230249070217
120.988,25.4,26.8,27.1,22.0,24.4,25.7,22.0,28.3,26.5,53.1,21.6,22.8,22.7,21.2,21.4,21.6,20.4,22.6,21.4,25.1,18.4,18.0,19.0,19.0,4.752141188684187,-25.709230249070217
121.664,25.4,26.8,27.1,22.0,24.4,25.7,22.0,28.3,26.5,53.1,21.6,22.8,22.7,21.2,21.4,21.7,20.4,22.7,21.4,25.1,18.4,18.0,19.0,19.0,4.9504282377368165,-25.623351741237435
122.338,25.4,26.9,27.2,22.0,24.5,25.8,22.0,28.4,26.6,53.1,21.6,22.9,22.7,21.2,21.5,21.8,20.5,22.6,21.4,25.1,18.3,18.0,19.0,19.0,4.752141188684187,-25.623351741237435
123.013,25.5,26.9,27.2,22.0,24.5,25.7,22.0,28.3,26.6,53.2,21.7,22.9,22.7,21.3,21.5,21.8,20.4,22.6,21.4,25.1,18.3,18.0,19.0,19.0,5.940306254866288,-27.77279386904087
123.687,25.5,26.9,27.2,22.0,24.5,25.8,22.0,28.4,26.6,53.2,21.7,22.9,22.7,21.2,21.5,21.7,20.4,22.6,21.4,25.2,18.3,18.0,19.0,19.0,6.732416298987786,-27.77279386904087
124.362,25.5,26.9,27.2,22.1,24.5,25.8,22.0,28.4,26.6,53.2,21.7,22.9,22.7,21.2,21.5,21.7,20.4,22.7,21.5,25.2,18.2,18.0,19.0,19.0,6.336361276927037,-27.85889777978136
125.035,25.6,26.9,27.2,22.1,24.5,25.8,22.0,28.4,26.6,53.2,21.7,22.9,22.7,21.2,21.5,21.8,20.6,22.7,21.5,25.2,18.2,18.0,19.0,19.0,6.9301842719959055,-27.85889777978136
125.71,25.6,27.0,27.3,22.1,24.5,25.8,22.0,28.4,26.6,53.2,21.7,23.0,22.8,21.2,21.5,21.8,20.5,22.7,21.5,25.1,18.3,18.0,19.0,19.0,7.1284713210485355,-26.56914234193619
126.385,25.6,27.0,27.3,22.1,24.6,25.8,22.0,28.5,26.6,53.2,21.7,23.0,22.8,21.2,21.5,21.8,20.5,22.8,21.6,25.2,18.3,18.0,19.0,19.0,7.326239294056507,-27.77279386904087
127.06,25.6,27.0,27.3,22.1,24.6,25.8,22.1,28.5,26.6,53.2,21.8,23.0,22.8,21.2,21.4,21.8,20.5,22.7,21.4,25.2,18.2,18.0,19.0,19.0,7.326239294056507,-25.623351741237435
127.735,25.7,27.0,27.4,22.1,24.6,25.9,22.1,28.5,26.6,53.3,21.7,23.0,22.8,21.2,21.5,21.8,20.4,22.8,21.5,25.1,18.1,18.0,19.0,19.0,7.722294316117257,-26.39715992336298
128.412,25.7,27.1,27.4,22.1,24.6,25.9,22.1,28.5,26.6,53.3,21.7,23.0,22.8,21.2,21.5,21.8,20.6,22.8,21.5,25.2,18.1,18.0,19.0,19.0,7.1284713210485355,-25.623351741237435
129.087,25.7,27.1,27.4,22.1,24.6,25.9,22.1,28.5,26.6,53.3,21.8,23.0,22.8,21.2,21.5,21.8,20.5,22.7,21.5,25.3,18.3,18.0,19.0,19.0,7.524526343109285,-25.709230249070217
129.761,25.7,27.1,27.5,22.2,24.7,25.9,22.1,28.5,26.6,53.3,21.8,23.0,22.9,21.2,21.5,21.8,20.5,22.7,21.5,25.3,18.2,18.0,19.0,19.0,7.326239294056507,-25.623351741237435
130.436,25.7,27.1,27.5,22.2,24.7,25.9,22.1,28.6,26.7,53.3,21.8,23.0,22.9,21.1,21.5,21.8,20.5,22.7,21.5,25.2,18.1,18.0,19.0,19.0,8.316636387230783,-27.85889777978136
131.11,25.8,27.2,27.5,22.2,24.7,25.9,22.1,28.6,26.7,53.3,21.8,23.0,22.9,21.2,21.5,21.8,20.5,22.8,21.6,25.2,18.1,18.0,19.0,19.0,8.316636387230783,-27.85889777978136
131.787,25.8,27.2,27.5,22.2,24.7,25.9,22.1,28.6,26.7,53.4,21.8,23.1,22.9,21.3,21.6,21.9,20.6,22.8,21.6,25.2,18.1,18.0,19.0,19.0,8.514404360238755,-27.77279386904087
132.461,25.8,27.2,27.5,22.2,24.7,25.9,22.1,28.6,26.7,53.4,21.8,23.1,22.9,21.3,21.5,22.0,20.6,22.8,21.5,25.2,17.9,18.0,19.0,19.0,8.712691409291386,-27.85889777978136
133.135,25.8,27.2,27.6,22.2,24.8,25.9,22.1,28.7,26.7,53.4,21.8,23.1,22.9,21.3,21.5,22.0,20.6,22.8,21.5,25.3,18.1,18.0,19.0,19.0,9.702569426421004,-27.85889777978136
133.809,25.9,27.2,27.6,22.3,24.8,26.0,22.1,28.7,26.7,53.4,21.8,23.1,23.0,21.3,21.5,21.9,20.6,22.9,21.6,25.3,18.1,18.0,19.0,19.0,9.108746431352134,-26.31105601262256
134.482,25.9,27.3,27.6,22.2,24.8,26.0,22.2,28.7,26.8,53.4,21.8,23.1,23.0,21.4,21.6,21.9,20.5,22.8,21.6,25.3,18.1,18.0,19.0,19.0,9.900856475473633,-26.225177504789777
135.157,25.9,27.3,27.6,22.3,24.8,26.0,22.2,28.7,26.8,53.4,21.8,23.1,23.0,21.3,21.6,21.9,20.5,22.8,21.6,25.3,18.1,18.0,19.0,19.0,9.900856475473633,-26.655020849768974
135.831,26.0,27.3,27.6,22.3,24.8,26.0,22.2,28.7,26.8,53.4,21.9,23.2,23.0,21.3,21.6,21.9,20.6,22.8,21.5,25.3,18.1,18.0,19.0,19.0,9.702569426421004,-25.537247830497012
136.507,26.0,27.3,27.7,22.3,24.8,26.0,22.2,28.7,26.8,53.4,21.9,23.2,23.0,21.3,21.5,21.9,20.6,22.8,21.5,25.3,18.0,18.0,19.0,19.0,9.900856475473633,-26.39715992336298
137.183,26.0,27.4,27.7,22.3,24.8,26.0,22.2,28.8,26.8,53.5,21.9,23.2,23.0,21.4,21.7,21.9,20.6,22.9,21.6,25.3,17.9,18.0,19.0,19.0,9.900856475473633,-25.881212667643428
137.858,26.0,27.4,27.7,22.3,24.8,26.0,22.2,28.8,26.8,53.4,21.9,23.2,23.0,21.4,21.7,21.9,20.5,22.9,21.6,25.3,17.9,18.0,19.0,19.0,9.900856475473633,-27.77279386904087
138.532,26.0,27.4,27.7,22.3,24.9,26.0,22.2,28.8,26.8,53.5,21.9,23.2,23.0,21.4,21.7,21.9,20.6,22.9,21.6,25.3,18.0,18.0,19.0,19.0,10.494679470542355,-27.77279386904087
139.207,26.1,27.4,27.8,22.4,24.9,26.0,22.2,28.8,26.8,53.5,21.9,23.2,23.0,21.4,21.6,22.0,20.6,22.9,21.6,25.3,17.9,18.0,19.0,19.0,10.890734492603103,-27.68691536120815
139.883,26.1,27.4,27.8,22.4,24.9,26.1,22.3,28.8,26.9,53.5,21.9,23.3,23.1,21.4,21.6,21.9,20.6,22.9,21.6,25.4,18.1,18.0,19.0,19.0,11.088502465611224,-27.68691536120815
140.559,26.1,27.5,27.8,22.4,24.9,26.1,22.3,28.8,26.8,53.5,21.9,23.3,23.1,21.4,21.7,21.9,20.6,22.9,21.6,25.4,18.3,18.0,19.0,19.0,11.484557487671973,-27.68691536120815
141.235,26.1,27.5,27.8,22.4,24.9,26.1,22.3,28.8,26.9,53.5,22.0,23.3,23.1,21.4,21.6,21.9,20.5,22.9,21.6,25.4,18.4,18.0,19.0,19.0,11.286789514663853,-27.68691536120815
141.909,26.2,27.5,27.9,22.4,25.0,26.1,22.3,28.9,26.9,53.5,22.0,23.3,23.1,21.5,21.7,22.0,20.6,23.0,21.6,25.4,18.4,18.0,19.0,19.0,11.088502465611224,-27.429054434802165
142.585,26.2,27.5,27.9,22.4,25.0,26.1,22.3,28.9,26.9,53.6,22.0,23.3,23.1,21.5,21.8,22.0,20.7,23.0,21.7,25.4,18.2,18.0,19.0,19.0,11.880612509732723,-26.05319508621657
143.259,26.2,27.6,27.9,22.4,25.0,26.1,22.3,28.9,26.9,53.6,22.0,23.3,23.1,21.5,21.8,21.9,20.6,23.0,21.7,25.5,18.4,18.0,19.0,19.0,12.672722553854074,-26.39715992336298
143.933,26.2,27.6,27.9,22.4,25.0,26.1,22.3,28.9,26.9,53.6,22.0,23.3,23.1,21.5,21.8,22.0,20.6,23.0,21.6,25.4,18.3,18.0,19.0,19.0,12.672722553854074,-26.39715992336298
144.608,26.3,27.6,28.0,22.5,25.0,26.1,22.4,28.9,26.9,53.6,22.0,23.3,23.2,21.5,21.8,21.9,20.6,23.0,21.7,25.4,18.3,18.0,19.0,19.0,12.87100960290685,-26.05319508621657
145.285,26.3,27.6,28.0,22.4,25.1,26.1,22.4,28.9,26.9,53.6,22.0,23.3,23.2,21.6,21.8,22.0,20.6,23.1,21.8,25.5,18.2,18.0,19.0,19.0,12.87100960290685,-26.827003268342114
145.96,26.3,27.7,28.0,22.5,25.1,26.2,22.4,28.9,26.9,53.6,22.0,23.3,23.2,21.5,21.8,22.0,20.7,23.1,21.8,25.5,18.2,18.0,19.0,19.0,12.276667531793324,-27.600811450467663
146.634,26.3,27.7,28.0,22.5,25.1,26.1,22.4,28.9,26.9,53.7,22.1,23.4,23.2,21.5,21.8,22.0,20.7,23.1,21.8,25.4,18.2,18.0,19.0,19.0,12.87100960290685,-27.600811450467663
147.31,26.3,27.7,28.1,22.5,25.1,26.2,22.4,29.0,27.0,53.7,22.1,23.4,23.2,21.5,21.8,22.0,20.7,23.1,21.8,25.6,18.4,18.0,19.0,19.0,13.068777575914822,-27.68691536120815
147.985,26.4,27.7,28.1,22.5,25.1,26.2,22.4,29.0,26.9,53.7,22.1,23.4,23.2,21.5,21.8,22.0,20.7,23.1,21.8,25.6,18.3,18.0,19.0,19.0,13.068777575914822,-27.600811450467663
148.659,26.4,27.7,28.1,22.5,25.1,26.2,22.4,29.0,27.0,53.7,22.1,23.4,23.2,21.6,21.9,22.0,20.7,23.1,21.8,25.6,18.2,18.0,19.0,19.0,13.068777575914822,-27.600811450467663
149.333,26.4,27.7,28.1,22.5,25.1,26.2,22.4,29.0,27.0,53.7,22.1,23.4,23.3,21.6,21.9,22.1,20.7,23.1,21.8,25.5,18.1,18.0,19.0,19.0,13.662600570983692,-27.514932942634946
150.008,26.5,27.8,28.2,22.6,25.2,26.2,22.5,29.1,27.0,53.7,22.1,23.4,23.3,21.6,21.9,22.1,20.8,23.2,21.8,25.4,18.1,18.0,19.0,19.0,13.662600570983692,-25.967316578383848
150.683,26.3,27.8,28.1,22.5,25.2,26.1,22.4,29.1,26.9,53.7,22.1,23.4,23.2,21.6,21.9,21.9,20.7,23.2,21.8,25.5,18.1,18.0,19.0,19.0,13.662600570983692,-25.967316578383848
151.358,26.3,27.8,28.1,22.6,25.1,26.0,22.4,29.0,26.7,53.7,22.1,23.4,23.2,21.7,21.9,21.8,20.7,23.1,21.8,25.6,18.2,18.0,19.0,19.0,13.662600570983692,-25.967316578383848
152.033,26.2,27.7,28.1,22.5,25.1,25.8,22.4,29.0,26.6,53.7,22.1,23.4,23.2,21.7,21.9,21.8,20.7,23.1,21.8,25.6,18.2,18.0,19.0,19.0,13.662600570983692,-25.967316578383848
152.708,26.2,27.7,28.0,22.6,25.1,25.7,22.4,28.9,26.4,53.7,22.1,23.4,23.2,21.8,21.9,21.7,20.7,23.2,21.9,25.6,18.2,18.0,19.0,19.0,13.662600570983692,-25.967316578383848
153.383,26.2,27.7,28.0,22.6,25.1,25.6,22.4,28.9,26.2,53.7,22.1,23.4,23.2,21.7,21.9,21.7,20.7,23.2,21.9,25.5,18.4,18.0,19.0,19.0,13.662600570983692,-25.967316578383848
154.056,26.2,27.7,28.0,22.6,25.1,25.5,22.4,28.9,26.0,53.6,22.1,23.4,23.2,21.8,21.9,21.5,20.8,23.2,21.9,25.5,18.2,18.0,19.0,19.0,13.662600570983692,-25.967316578383848
154.73,26.2,27.7,28.0,22.6,25.1,25.4,22.4,28.8,25.9,53.6,22.1,23.4,23.2,21.8,21.9,21.7,20.8,23.3,21.9,25.4,18.4,18.0,19.0,19.0,13.662600570983692,-25.967316578383848
155.403,26.2,27.6,27.9,22.6,25.1,25.3,22.4,28.7,25.7,53.7,22.1,23.4,23.2,21.7,21.9,21.7,20.8,23.3,21.9,25.2,18.3,18.0,19.0,19.0,13.662600570983692,-25.967316578383848
156.077,26.2,27.6,27.9,22.6,25.1,25.2,22.4,28.7,25.6,53.6,22.1,23.4,23.2,21.8,21.9,21.6,20.8,23.3,21.9,25.3,18.3,18.0,19.0,19.0,13.662600570983692,-25.967316578383848
156.751,26.3,27.6,28.0,22.6,25.1,25.1,22.4,28.7,25.4,53.6,22.1,23.4,23.2,21.8,21.9,21.6,20.7,23.3,21.9,25.2,18.2,18.0,19.0,19.0,13.662600570983692,-25.967316578383848
157.425,26.2,27.6,28.0,22.6,25.0,25.1,22.5,28.7,25.4,53.7,22.1,23.4,23.2,21.8,21.9,21.6,20.7,23.3,21.9,25.2,18.2,18.0,19.0,19.0,13.662600570983692,-25.967316578383848
158.099,26.2,27.5,27.9,22.6,25.0,25.0,22.4,28.6,25.2,53.6,22.1,23.4,23.2,21.8,21.9,21.5,20.7,23.3,22.0,25.2,18.2,18.0,19.0,19.0,13.662600570983692,-25.967316578383848
158.772,26.2,27.5,28.0,22.7,25.0,24.9,22.5,28.6,25.1,53.6,22.1,23.4,23.2,21.9,21.9,21.5,20.8,23.2,21.9,25.2,18.2,18.0,19.0,19.0,13.662600570983692,-25.967316578383848
159.448,26.2,27.5,27.9,22.7,25.0,24.8,22.5,28.6,25.0,53.6,22.1,23.4,23.3,21.9,21.9,21.6,20.8,23.4,22.0,25.1,18.1,18.0,19.0,19.0,13.662600570983692,-25.967316578383848
160.122,26.2,27.5,27.9,22.7,25.0,24.7,22.4,28.5,24.9,53.6,22.1,23.4,23.2,21.9,21.9,21.5,20.8,23.4,22.0,25.0,18.1,18.0,19.0,19.0,13.662600570983692,-25.967316578383848
160.795,26.2,27.5,27.9,22.7,25.0,24.6,22.5,28.5,24.8,53.6,22.1,23.4,23.3,21.9,21.9,21.5,20.8,23.3,22.0,25.0,18.1,18.0,19.0,19.0,13.662600570983692,-25.967316578383848
161.47,26.2,27.5,27.8,22.7,25.0,24.5,22.4,28.5,24.7,53.6,22.1,23.4,23.3,21.9,21.9,21.5,20.8,23.3,21.9,25.1,18.1,18.0,19.0,19.0,13.662600570983692,-25.967316578383848
162.144,26.2,27.4,27.8,22.7,25.0,24.5,22.4,28.4,24.6,53.6,22.1,23.4,23.3,21.9,21.9,21.5,20.8,23.3,21.9,25.0,18.1,18.0,19.0,19.0,13.662600570983692,-25.967316578383848
162.819,26.2,27.4,27.8,22.7,25.0,24.4,22.4,28.4,24.6,53.6,22.1,23.4,23.3,21.9,22.0,21.5,20.8,23.3,21.9,25.0,18.2,18.0,19.0,19.0,13.662600570983692,-25.967316578383848
163.493,26.2,27.4,27.8,22.7,24.9,24.3,22.4,28.3,24.5,53.6,22.1,23.4,23.3,21.9,22.0,21.5,20.8,23.3,21.9,25.0,18.2,18.0,19.0,19.0,13.662600570983692,-25.967316578383848
164.168,26.2,27.4,27.8,22.7,24.9,24.3,22.5,28.3,24.4,53.6,22.1,23.4,23.3,21.9,22.0,21.5,20.8,23.3,22.0,24.8,18.2,18.0,19.0,19.0,13.662600570983692,-25.967316578383848
164.841,26.2,27.3,27.8,22.7,24.9,24.2,22.4,28.4,24.3,53.7,22.1,23.5,23.3,21.9,22.0,21.5,20.8,23.4,22.0,24.6,18.1,18.0,19.0,19.0,13.662600570983692,-25.967316578383848
165.516,26.1,27.3,27.7,22.7,24.9,24.2,22.4,28.3,24.3,53.7,22.2,23.5,23.3,21.9,22.0,21.5,20.8,23.3,21.9,24.7,18.2,18.0,19.0,19.0,13.662600570983692,-25.967316578383848
166.19,26.1,27.3,27.8,22.7,24.9,24.1,22.4,28.3,24.2,53.7,22.1,23.5,23.3,22.0,22.0,21.5,20.8,23.3,21.9,24.7,18.2,18.0,19.0,19.0,13.662600570983692,-25.967316578383848
166.865,26.1,27.3,27.7,22.7,24.9,24.1,22.5,28.3,24.2,53.7,22.1,23.5,23.3,22.0,22.0,21.5,20.8,23.3,22.0,24.7,18.0,18.0,19.0,19.0,13.662600570983692,-25.967316578383848
167.54,26.1,27.2,27.7,22.7,24.9,24.0,22.5,28.2,24.1,53.6,22.1,23.5,23.3,22.0,22.0,21.5,20.8,23.3,22.0,24.7,18.1,18.0,19.0,19.0,13.662600570983692,-25.967316578383848
168.215,26.1,27.2,27.7,22.7,24.9,23.9,22.4,28.1,24.0,53.7,22.1,23.5,23.3,21.9,22.0,21.5,20.9,23.4,22.0,24.7,18.2,18.0,19.0,19.0,13.662600570983692,-25.967316578383848
168.888,26.1,27.2,27.7,22.7,24.9,23.9,22.4,28.2,24.0,53.7,22.1,23.5,23.3,21.9,22.0,21.5,20.9,23.3,21.9,24.6,18.2,18.0,19.0,19.0,13.662600570983692,-25.967316578383848
169.564,26.1,27.2,27.7,22.7,24.9,23.8,22.4,28.1,23.9,53.7,22.1,23.5,23.3,21.9,22.0,21.6,20.9,23.3,22.0,24.6,18.3,18.0,19.0,19.0,13.662600570983692,-25.967316578383848
170.238,26.1,27.2,27.7,22.7,24.9,23.8,22.4,28.1,23.9,53.7,22.1,23.5,23.3,21.9,22.0,21.5,20.9,23.3,22.0,24.6,18.3,18.0,19.0,19.0,13.662600570983692,-25.967316578383848
170.911,26.1,27.2,27.7,22.7,24.9,23.8,22.4,28.1,23.9,53.7,22.1,23.5,23.3,21.9,22.0,21.5,20.9,23.3,22.0,24.6,18.2,18.0,19.0,19.0,13.662600570983692,-25.967316578383848
171.585,26.1,27.1,27.7,22.7,24.8,23.7,22.4,28.0,23.8,53.7,22.1,23.5,23.3,21.9,22.0,21.6,20.9,23.3,22.0,24.6,18.1,18.0,19.0,19.0,13.662600570983692,-25.967316578383848
172.259,26.1,27.1,27.6,22.8,24.8,23.7,22.4,28.1,23.8,53.7,22.1,23.5,23.3,21.9,22.0,21.5,20.8,23.4,22.0,24.5,18.1,18.0,19.0,19.0,13.662600570983692,-25.967316578383848
172.932,26.0,27.1,27.6,22.8,24.8,23.6,22.4,28.0,23.7,53.7,22.1,23.5,23.3,21.8,21.9,21.5,20.8,23.3,21.9,24.4,18.1,18.0,19.0,19.0,13.662600570983692,-25.967316578383848
173.607,26.1,27.1,27.6,22.8,24.8,23.6,22.4,28.0,23.7,53.7,22.1,23.5,23.3,21.9,21.9,21.5,20.8,23.3,22.0,24.5,18.0,18.0,19.0,19.0,13.662600570983692,-25.967316578383848
174.281,26.1,27.1,27.6,22.8,24.8,23.6,22.4,28.0,23.6,53.7,22.1,23.5,23.3,21.9,22.0,21.5,20.9,23.3,22.0,24.3,18.1,18.0,19.0,19.0,13.662600570983692,-25.967316578383848
174.955,26.0,27.0,27.6,22.8,24.8,23.5,22.4,28.0,23.6,53.7,22.1,23.5,23.3,21.9,22.0,21.5,20.9,23.3,22.0,24.3,18.1,18.0,19.0,19.0,13.662600570983692,-25.967316578383848
175.63,26.0,27.0,27.6,22.8,24.8,23.5,22.4,28.0,23.6,53.7,22.1,23.5,23.3,21.9,22.0,21.5,20.9,23.4,22.0,24.3,18.1,18.0,19.0,19.0,13.662600570983692,-25.967316578383848
176.303,26.0,27.0,27.6,22.8,24.8,23.4,22.4,27.9,23.5,53.7,22.1,23.5,23.3,21.9,22.0,21.5,20.9,23.4,22.0,24.2,17.9,18.0,19.0,19.0,13.662600570983692,-25.967316578383848
176.979,26.0,27.0,27.6,22.8,24.8,23.4,22.4,27.9,23.5,53.7,22.1,23.5,23.3,21.9,22.0,21.5,20.9,23.4,22.0,24.2,18.0,18.0,19.0,19.0,13.662600570983692,-25.967316578383848
177.654,26.0,26.9,27.5,22.8,24.8,23.4,22.4,27.8,23.5,53.7,22.1,23.5,23.3,21.8,21.9,21.6,21.0,23.3,22.0,24.1,17.9,18.0,19.0,19.0,13.662600570983692,-25.967316578383848
178.328,26.0,26.9,27.5,22.8,24.8,23.3,22.4,27.8,23.5,53.7,22.1,23.5,23.3,21.9,21.9,21.5,20.9,23.3,22.0,24.1,17.9,18.0,19.0,19.0,13.662600570983692,-25.967316578383848
179.003,26.0,26.9,27.5,22.8,24.8,23.3,22.4,27.8,23.4,53.7,22.1,23.5,23.3,21.9,22.0,21.5,20.9,23.3,22.0,24.1,18.0,18.0,19.0,19.0,13.662600570983692,-25.967316578383848
179.678,26.0,26.9,27.5,22.8,24.8,23.3,22.4,27.8,23.4,53.7,22.1,23.5,23.3,21.9,22.0,21.5,20.9,23.3,22.0,24.1,17.9,18.0,19.0,19.0,13.662600570983692,-25.967316578383848
180.354,26.0,26.9,27.5,22.8,24.8,23.3,22.4,27.8,23.4,53.7,22.1,23.5,23.3,21.9,22.0,21.5,20.9,23.4,22.0,24.1,17.9,18.0,19.0,19.0,13.662600570983692,-25.967316578383848
181.028,25.9,26.9,27.5,22.8,24.8,23.2,22.4,27.8,23.3,53.7,22.1,23.5,23.3,21.9,22.0,21.5,20.9,23.3,22.0,24.0,17.9,18.0,19.0,19.0,13.662600570983692,-25.967316578383848
181.702,25.9,26.9,27.5,22.8,24.8,23.2,22.4,27.8,23.3,53.7,22.1,23.5,23.3,21.9,22.0,21.5,20.9,23.3,22.0,24.0,18.0,18.0,19.0,19.0,13.662600570983692,-25.967316578383848
182.377,25.9,26.8,27.5,22.8,24.8,23.2,22.4,27.7,23.3,53.7,22.1,23.5,23.3,21.9,22.0,21.4,20.9,23.4,22.1,24.0,18.1,18.0,19.0,19.0,13.662600570983692,-25.967316578383848
183.051,25.9,26.8,27.4,22.8,24.7,23.1,22.4,27.7,23.3,53.7,22.1,23.5,23.3,21.9,22.0,21.5,20.9,23.3,22.0,24.0,18.2,18.0,19.0,19.0,13.662600570983692,-25.967316578383848
183.725,25.9,26.8,27.4,22.8,24.7,23.1,22.4,27.7,23.3,53.7,22.1,23.5,23.3,21.8,21.9,21.5,20.9,23.3,22.0,24.0,18.2,18.0,19.0,19.0,13.662600570983692,-25.967316578383848
184.398,25.9,26.8,27.4,22.8,24.7,23.1,22.4,27.7,23.2,53.7,22.1,23.5,23.3,21.8,21.9,21.5,20.9,23.4,22.0,24.0,18.2,18.0,19.0,19.0,13.662600570983692,-25.967316578383848
185.072,25.9,26.8,27.4,22.8,24.7,23.1,22.4,27.7,23.2,53.7,22.1,23.5,23.3,21.9,21.9,21.6,21.0,23.4,22.1,24.1,18.3,18.0,19.0,19.0,13.662600570983692,-25.967316578383848
185.747,25.9,26.8,27.4,22.8,24.7,23.0,22.4,27.6,23.2,53.7,22.1,23.5,23.3,21.9,22.0,21.5,20.9,23.3,22.0,24.1,18.5,18.0,19.0,19.0,13.662600570983692,-25.967316578383848
186.422,25.9,26.7,27.4,22.8,24.7,23.0,22.4,27.6,23.2,53.7,22.1,23.5,23.3,21.9,22.0,21.5,20.9,23.3,22.0,24.1,18.4,18.0,19.0,19.0,13.662600570983692,-25.967316578383848
187.095,25.8,26.7,27.4,22.8,24.7,23.0,22.4,27.6,23.1,53.7,22.1,23.4,23.3,21.7,21.9,21.5,20.9,23.3,22.0,24.1,18.4,18.0,19.0,19.0,13.662600570983692,-25.967316578383848
187.769,25.8,26.7,27.4,22.8,24.7,23.0,22.4,27.6,23.1,53.7,22.1,23.5,23.3,21.8,21.9,21.5,20.9,23.4,22.0,24.0,18.3,18.0,19.0,19.0,13.662600570983692,-25.967316578383848
188.444,25.8,26.7,27.4,22.9,24.7,23.0,22.4,27.6,23.1,53.7,22.1,23.5,23.3,21.8,21.9,21.5,20.9,23.3,22.0,24.0,18.3,18.0,19.0,19.0,13.662600570983692,-25.967316578383848
189.119,25.8,26.6,27.3,22.9,24.7,22.9,22.4,27.5,23.1,53.7,22.1,23.5,23.3,21.8,21.9,21.5,20.9,23.3,22.0,23.9,18.3,18.0,19.0,19.0,13.662600570983692,-25.967316578383848
189.794,25.8,26.6,27.3,22.9,24.7,22.9,22.4,27.5,23.1,53.7,22.1,23.4,23.3,21.9,22.0,21.5,20.9,23.3,21.9,23.9,18.2,18.0,19.0,19.0,13.662600570983692,-25.967316578383848
190.467,25.8,26.6,27.3,22.9,24.7,22.9,22.4,27.5,23.0,53.7,22.1,23.5,23.3,21.7,21.9,21.5,20.9,23.3,22.0,23.7,18.3,18.0,19.0,19.0,13.662600570983692,-25.967316578383848
191.142,25.8,26.6,27.3,22.9,24.7,22.9,22.4,27.5,23.0,53.7,22.1,23.5,23.3,21.7,21.9,21.5,20.9,23.3,22.0,23.8,18.3,18.0,19.0,19.0,13.662600570983692,-25.967316578383848
191.816,25.8,26.6,27.3,22.9,24.7,22.9,22.4,27.5,23.0,53.7,22.1,23.5,23.3,21.7,21.9,21.5,21.0,23.3,22.0,23.7,18.2,18.0,19.0,19.0,13.662600570983692,-25.967316578383848
192.491,25.8,26.6,27.2,22.9,24.7,22.8,22.3,27.5,23.0,53.7,22.1,23.5,23.3,21.8,21.9,21.6,21.0,23.3,22.0,23.7,18.2,18.0,19.0,19.0,13.662600570983692,-25.967316578383848
193.166,25.7,26.6,27.2,22.9,24.7,22.8,22.4,27.5,23.0,53.7,22.1,23.5,23.3,21.8,21.9,21.5,20.9,23.3,22.0,23.7,18.3,18.0,19.0,19.0,13.662600570983692,-25.967316578383848
193.84,25.7,26.5,27.2,22.9,24.7,22.8,22.4,27.5,23.0,53.7,22.1,23.5,23.3,21.8,21.9,21.5,20.9,23.3,22.0,23.7,18.2,18.0,19.0,19.0,13.662600570983692,-25.967316578383848
194.515,25.7,26.6,27.2,22.9,24.7,22.8,22.3,27.5,23.0,53.7,22.1,23.4,23.3,21.8,21.9,21.5,20.9,23.3,22.0,23.8,18.2,18.0,19.0,19.0,13.662600570983692,-25.967316578383848
195.19,25.7,26.5,27.2,22.9,24.7,22.8,22.3,27.4,23.0,53.7,22.1,23.4,23.3,21.8,21.9,21.5,20.9,23.3,22.0,23.6,18.1,18.0,19.0,19.0,13.662600570983692,-25.967316578383848
195.864,25.7,26.5,27.2,22.9,24.7,22.8,22.4,27.4,23.0,53.7,22.1,23.4,23.3,21.8,21.9,21.5,21.0,23.3,22.0,23.6,18.0,18.0,19.0,19.0,13.662600570983692,-25.967316578383848
196.54,25.7,26.5,27.2,22.9,24.7,22.8,22.4,27.4,22.9,53.7,22.1,23.4,23.3,21.8,21.9,21.5,21.0,23.3,22.0,23.6,18.1,18.0,19.0,19.0,13.662600570983692,-25.967316578383848
197.214,25.7,26.5,27.2,22.9,24.7,22.7,22.4,27.4,22.9,53.7,22.1,23.4,23.3,21.8,21.9,21.6,21.0,23.2,21.9,23.6,18.1,18.0,19.0,19.0,13.662600570983692,-25.967316578383848
197.888,25.7,26.5,27.2,22.9,24.6,22.7,22.4,27.4,22.9,53.7,22.1,23.4,23.3,21.9,22.0,21.6,21.1,23.3,22.0,23.5,18.0,18.0,19.0,19.0,13.662600570983692,-25.967316578383848
198.564,25.7,26.5,27.2,22.9,24.7,22.7,22.3,27.4,22.9,53.7,22.1,23.4,23.3,21.9,22.0,21.5,21.1,23.3,21.9,23.5,17.9,18.0,19.0,19.0,13.662600570983692,-25.967316578383848
199.237,25.7,26.4,27.1,22.9,24.7,22.7,22.4,27.4,22.9,53.7,22.1,23.4,23.3,21.9,22.0,21.5,20.9,23.2,21.9,23.4,17.8,18.0,19.0,19.0,13.662600570983692,-25.967316578383848
199.91,25.7,26.4,27.1,22.9,24.7,22.7,22.3,27.4,22.9,53.7,22.1,23.4,23.3,21.7,21.9,21.5,21.0,23.3,21.9,23.4,17.9,18.0,19.0,19.0,13.662600570983692,-25.967316578383848
200.585,25.6,26.4,27.1,22.9,24.7,22.7,22.3,27.3,22.9,53.7,22.1,23.4,23.3,21.8,21.9,21.5,21.0,23.3,22.0,23.5,17.9,18.0,19.0,19.0,13.662600570983692,-25.967316578383848
201.26,25.6,26.4,27.1,22.9,24.6,22.7,22.3,27.3,22.9,53.7,22.1,23.4,23.2,21.8,21.9,21.5,21.1,23.3,22.0,23.4,18.0,18.0,19.0,19.0,13.662600570983692,-25.967316578383848
201.933,25.6,26.4,27.1,22.9,24.6,22.6,22.3,27.3,22.9,53.7,22.1,23.4,23.2,21.8,21.9,21.4,20.9,23.3,22.0,23.5,18.0,18.0,19.0,19.0,13.662600570983692,-25.967316578383848
202.608,25.6,26.3,27.1,22.9,24.6,22.7,22.3,27.3,22.8,53.7,22.1,23.4,23.2,21.8,21.9,21.4,21.0,23.3,22.0,23.5,17.9,18.0,19.0,19.0,13.662600570983692,-25.967316578383848
203.282,25.6,26.3,27.0,22.9,24.6,22.6,22.3,27.3,22.8,53.7,22.0,23.4,23.2,21.9,21.9,21.5,20.9,23.2,21.9,23.5,17.9,18.0,19.0,19.0,13.662600570983692,-25.967316578383848
203.956,25.6,26.3,27.0,22.9,24.6,22.6,22.3,27.2,22.8,53.7,22.1,23.4,23.2,21.9,21.9,21.5,21.0,23.2,21.9,23.3,17.8,18.0,19.0,19.0,13.662600570983692,-25.967316578383848
204.631,25.6,26.3,27.0,22.9,24.6,22.6,22.3,27.2,22.8,53.7,22.1,23.4,23.2,21.7,21.9,21.5,21.0,23.2,21.9,23.3,17.8,18.0,19.0,19.0,13.662600570983692,-25.967316578383848
205.306,25.6,26.3,27.0,22.9,24.6,22.6,22.3,27.2,22.8,53.7,22.1,23.4,23.2,21.8,21.9,21.5,21.1,23.2,21.9,23.4,17.9,18.0,19.0,19.0,13.662600570983692,-25.967316578383848
205.98,25.6,26.3,27.0,22.9,24.6,22.6,22.3,27.2,22.8,53.7,22.1,23.4,23.2,21.8,21.9,21.5,21.1,23.2,21.9,23.4,17.9,18.0,19.0,19.0,13.662600570983692,-25.967316578383848
206.654,25.6,26.3,27.0,22.9,24.6,22.6,22.3,27.2,22.8,53.7,22.0,23.4,23.2,21.8,21.9,21.5,21.0,23.2,21.9,23.4,17.9,18.0,19.0,19.0,13.662600570983692,-25.967316578383848
207.329,25.5,26.3,27.0,22.9,24.6,22.6,22.3,27.2,22.8,53.7,22.1,23.4,23.2,21.7,21.9,21.4,20.9,23.2,21.9,23.3,17.8,18.0,19.0,19.0,13.662600570983692,-25.967316578383848
208.002,25.5,26.3,26.9,22.9,24.6,22.5,22.3,27.2,22.8,53.7,22.1,23.4,23.2,21.7,21.8,21.4,21.0,23.2,21.9,23.2,17.8,18.0,19.0,19.0,13.662600570983692,-25.967316578383848
208.677,25.5,26.2,26.9,22.9,24.6,22.5,22.3,27.2,22.8,53.7,22.0,23.4,23.2,21.7,21.8,21.5,21.0,23.2,21.9,23.2,17.7,18.0,19.0,19.0,13.662600570983692,-25.967316578383848
209.35,25.5,26.2,26.9,22.9,24.6,22.5,22.3,27.1,22.7,53.6,22.1,23.4,23.2,21.8,21.9,21.5,21.0,23.2,21.9,23.2,17.8,18.0,19.0,19.0,13.662600570983692,-25.967316578383848
210.024,25.5,26.2,26.9,22.9,24.6,22.5,22.3,27.2,22.7,53.7,22.1,23.4,23.2,21.8,21.9,21.4,20.9,23.2,21.9,23.2,17.8,18.0,19.0,19.0,13.662600570983692,-25.967316578383848
210.699,25.6,26.2,26.9,22.9,24.6,22.5,22.3,27.2,22.8,53.7,22.0,23.4,23.2,21.7,21.9,21.5,20.9,23.2,21.9,23.4,17.8,18.0,19.0,19.0,36.2361796003114,-13.92944888989068
211.372,25.7,26.3,27.0,23.0,24.6,22.6,22.3,27.2,22.9,53.7,22.1,23.4,23.2,21.7,21.8,21.7,21.0,23.2,21.9,23.6,17.9,18.0,19.0,19.0,36.2361796003114,-13.92944888989068
212.045,25.7,26.3,27.0,23.0,24.6,22.7,22.3,27.2,23.1,53.7,22.1,23.4,23.2,21.7,21.9,21.7,20.9,23.2,21.9,23.7,18.0,18.0,19.0,19.0,36.2361796003114,-13.92944888989068
212.721,25.7,26.3,27.0,23.0,24.7,22.8,22.3,27.2,23.3,53.7,22.1,23.4,23.2,21.7,21.9,21.7,21.0,23.2,21.9,23.7,18.0,18.0,19.0,19.0,36.2361796003114,-11.693902851346754
213.396,25.7,26.3,27.0,23.0,24.8,23.0,22.3,27.3,23.5,53.7,22.1,23.4,23.2,21.7,21.8,21.8,21.1,23.2,21.9,23.7,18.0,18.0,19.0,19.0,36.43394757331952,-11.693902851346754
214.069,25.7,26.3,27.1,23.0,24.8,23.1,22.3,27.3,23.7,53.7,22.1,23.4,23.2,21.7,21.9,21.8,21.1,23.2,21.9,23.8,18.0,18.0,19.0,19.0,37.622112639501616,-11.693902851346754
214.746,25.7,26.3,27.1,23.0,24.8,23.2,22.3,27.4,23.9,53.7,22.1,23.4,23.3,21.7,21.9,21.7,20.9,23.2,21.9,23.9,18.1,18.0,19.0,19.0,39.0085647547365,-11.779781359179538
215.421,25.7,26.4,27.1,23.0,24.8,23.4,22.4,27.4,24.1,53.8,22.1,23.4,23.2,21.7,21.9,21.7,20.9,23.1,21.8,23.9,17.9,18.0,19.0,19.0,39.60238774980537,-11.693902851346754
216.095,25.8,26.4,27.1,23.0,24.9,23.5,22.4,27.5,24.2,53.8,22.1,23.4,23.3,21.7,21.9,21.7,20.9,23.2,21.9,23.9,18.1,18.0,19.0,19.0,40.79055281598747,-11.693902851346754
216.769,25.8,26.4,27.1,23.0,24.9,23.6,22.4,27.5,24.4,53.8,22.1,23.5,23.3,21.7,21.9,21.7,21.0,23.2,21.9,24.0,18.0,18.0,19.0,19.0,39.99844277186612,-11.693902851346754
217.444,25.8,26.4,27.2,23.0,25.0,23.7,22.4,27.5,24.6,53.8,22.1,23.4,23.3,21.7,21.9,21.8,21.0,23.2,21.9,24.0,18.0,18.0,19.0,19.0,41.18660783804822,-11.779781359179538
218.118,25.8,26.5,27.2,23.0,25.0,23.8,22.4,27.6,24.7,53.8,22.1,23.4,23.3,21.7,21.9,21.8,21.0,23.2,21.9,24.1,18.1,18.0,19.0,19.0,41.18660783804822,-11.693902851346754
218.791,25.8,26.5,27.2,23.0,25.0,23.9,22.4,27.7,24.8,53.8,22.1,23.5,23.3,21.6,21.9,21.8,21.0,23.2,21.9,24.1,17.9,18.0,19.0,19.0,41.78043083311709,-11.779781359179538
219.466,25.8,26.5,27.2,23.0,25.1,24.0,22.4,27.7,25.0,53.8,22.1,23.5,23.3,21.6,21.9,21.8,21.0,23.1,21.9,24.1,17.9,18.0,19.0,19.0,41.97871788216971,-11.779781359179538
220.141,25.8,26.6,27.2,23.0,25.1,24.1,22.4,27.7,25.1,53.8,22.1,23.5,23.3,21.6,21.8,21.8,21.1,23.2,21.9,24.1,17.8,18.0,19.0,19.0,41.97871788216971,-11.865885269919962
220.815,25.8,26.6,27.2,23.0,25.1,24.2,22.4,27.8,25.2,53.8,22.2,23.5,23.3,21.7,22.0,21.8,21.1,23.2,21.9,24.1,17.7,18.0,19.0,19.0,41.97871788216971,-11.779781359179538
221.49,25.8,26.6,27.3,23.0,25.1,24.2,22.4,27.8,25.4,53.8,22.1,23.5,23.3,21.6,21.9,21.8,21.1,23.2,21.9,24.1,17.7,18.0,19.0,19.0,42.17648585517784,-11.779781359179538
222.164,25.9,26.7,27.3,23.0,25.2,24.4,22.4,27.8,25.4,53.8,22.2,23.5,23.3,21.7,21.9,21.7,21.0,23.2,21.9,24.2,17.8,18.0,19.0,19.0,42.17648585517784,-11.693902851346754
222.838,25.9,26.7,27.3,23.0,25.2,24.4,22.5,27.9,25.5,53.8,22.2,23.5,23.3,21.7,21.9,21.8,21.1,23.2,21.9,24.2,17.8,18.0,19.0,19.0,42.17648585517784,-11.779781359179538
223.512,25.9,26.7,27.3,23.0,25.2,24.5,22.5,27.9,25.7,53.8,22.2,23.5,23.3,21.7,21.9,21.8,21.0,23.1,21.9,24.2,17.8,18.0,19.0,19.0,41.97871788216971,-11.779781359179538
224.186,25.9,26.8,27.4,23.0,25.3,24.6,22.5,27.9,25.7,53.8,22.2,23.5,23.3,21.7,21.9,21.8,21.0,23.2,21.9,24.2,17.8,18.0,19.0,19.0,41.97871788216971,-11.693902851346754
224.861,25.9,26.8,27.4,23.0,25.3,24.7,22.5,27.9,25.8,53.9,22.2,23.5,23.3,21.7,21.9,21.9,21.1,23.1,21.8,24.3,18.1,18.0,19.0,19.0,41.97871788216971,-11.779781359179538
225.535,25.9,26.8,27.4,23.0,25.3,24.7,22.5,28.0,25.9,53.9,22.2,23.5,23.3,21.7,21.9,21.9,21.1,23.2,21.9,24.3,18.0,18.0,19.0,19.0,41.97871788216971,-11.779781359179538
226.209,26.0,26.9,27.4,23.1,25.3,24.8,22.5,28.0,26.0,53.9,22.2,23.5,23.3,21.7,21.9,21.9,21.1,23.2,21.9,24.3,18.0,18.0,19.0,19.0,41.97871788216971,-11.779781359179538
226.885,26.0,26.9,27.4,23.1,25.4,24.9,22.5,28.1,26.1,53.9,22.2,23.5,23.3,21.6,21.9,21.9,21.1,23.2,21.9,24.4,18.1,18.0,19.0,19.0,41.97871788216971,-11.779781359179538
227.558,26.0,26.9,27.5,23.1,25.4,24.9,22.5,28.1,26.1,53.9,22.2,23.5,23.3,21.7,21.9,21.9,21.1,23.2,21.9,24.4,18.1,18.0,19.0,19.0,41.78043083311709,-11.865885269919962
228.233,26.0,27.0,27.5,23.1,25.4,25.0,22.6,28.1,26.2,53.9,22.2,23.5,23.3,21.6,21.9,22.0,21.1,23.2,21.8,24.4,17.9,18.0,19.0,19.0,41.97871788216971,-11.779781359179538
228.907,26.0,27.0,27.5,23.1,25.4,25.1,22.6,28.1,26.3,53.9,22.3,23.5,23.3,21.7,22.0,21.9,21.1,23.3,22.0,24.5,17.9,18.0,19.0,19.0,41.97871788216971,-11.779781359179538
229.581,26.0,27.0,27.5,23.1,25.4,25.1,22.6,28.2,26.3,53.9,22.3,23.5,23.3,21.7,22.0,21.9,21.1,23.3,21.9,24.4,17.8,18.0,19.0,19.0,41.97871788216971,-11.865885269919962
230.255,26.0,27.0,27.5,23.1,25.4,25.2,22.6,28.2,26.4,53.9,22.3,23.5,23.3,21.7,22.0,21.9,21.1,23.3,21.9,24.6,17.9,18.0,19.0,19.0,41.97871788216971,-11.865885269919962
230.93,26.1,27.1,27.6,23.1,25.5,25.3,22.6,28.2,26.4,54.0,22.3,23.5,23.3,21.7,21.9,22.1,21.2,23.2,21.9,24.6,17.9,18.0,19.0,19.0,41.97871788216971,-11.865885269919962
231.605,26.1,27.1,27.6,23.1,25.5,25.3,22.6,28.3,26.5,54.0,22.3,23.5,23.3,21.8,22.0,22.0,21.2,23.2,21.9,24.6,17.9,18.0,19.0,19.0,41.97871788216971,-11.779781359179538
232.278,26.1,27.2,27.6,23.1,25.5,25.3,22.6,28.3,26.6,54.0,22.3,23.6,23.3,21.8,22.0,22.0,21.2,23.3,22.0,24.6,18.0,18.0,19.0,19.0,41.18660783804822,-11.865885269919962
232.951,26.2,27.2,27.6,23.1,25.5,25.4,22.6,28.3,26.6,54.0,22.3,23.6,23.3,21.8,22.1,22.0,21.2,23.3,22.0,24.6,17.9,18.0,19.0,19.0,41.18660783804822,-11.779781359179538
233.626,26.2,27.2,27.6,23.1,25.5,25.4,22.6,28.4,26.6,54.0,22.3,23.6,23.4,21.8,22.0,22.0,21.2,23.3,22.0,24.7,17.9,18.0,19.0,19.0,41.38437581105634,-11.693902851346754
234.301,26.2,27.2,27.6,23.2,25.6,25.5,22.7,28.4,26.7,54.0,22.4,23.6,23.4,21.7,22.0,22.0,21.2,23.3,21.9,24.8,18.1,18.0,19.0,19.0,40.79055281598747,-11.779781359179538
234.976,26.2,27.3,27.7,23.2,25.6,25.6,22.7,28.4,26.7,54.0,22.4,23.6,23.4,21.9,22.1,22.1,21.1,23.4,22.0,24.7,18.0,18.0,19.0,19.0,40.19621074487409,-11.779781359179538
235.649,26.2,27.3,27.7,23.2,25.6,25.6,22.7,28.4,26.8,54.0,22.4,23.6,23.4,21.9,22.1,22.2,21.2,23.3,22.0,24.7,18.0,18.0,19.0,19.0,39.99844277186612,-11.865885269919962
236.324,26.3,27.3,27.7,23.2,25.6,25.7,22.7,28.4,26.8,54.0,22.4,23.6,23.4,21.9,22.1,22.1,21.2,23.3,22.0,24.7,18.0,18.0,19.0,19.0,40.19621074487409,-11.779781359179538
237.0,26.3,27.4,27.8,23.2,25.6,25.7,22.7,28.4,26.8,54.0,22.4,23.6,23.4,21.8,22.0,22.1,21.3,23.4,22.0,24.8,18.1,18.0,19.0,19.0,40.19621074487409,-13.92944888989068
237.673,26.3,27.4,27.8,23.2,25.7,25.7,22.7,28.5,26.9,54.0,22.4,23.6,23.4,21.7,22.0,22.1,21.2,23.5,22.0,24.8,18.1,18.0,19.0,19.0,39.99844277186612,-14.015327397723398
238.348,26.3,27.4,27.8,23.2,25.7,25.8,22.7,28.5,26.9,54.1,22.4,23.6,23.4,21.7,22.0,22.1,21.2,23.3,22.0,24.8,18.0,18.0,19.0,19.0,40.19621074487409,-13.92944888989068
239.021,26.3,27.4,27.8,23.2,25.7,25.8,22.8,28.6,26.9,54.1,22.4,23.6,23.4,21.8,22.1,22.2,21.3,23.4,22.0,24.8,17.9,18.0,19.0,19.0,39.80015572281334,-13.92944888989068
239.695,26.3,27.5,27.8,23.2,25.7,25.9,22.7,28.6,26.9,54.1,22.4,23.6,23.4,21.8,22.0,22.2,21.3,23.4,22.0,24.8,17.9,18.0,19.0,19.0,40.39449779392687,-13.92944888989068
240.369,26.3,27.5,27.8,23.2,25.7,25.9,22.8,28.6,27.0,54.1,22.4,23.6,23.4,21.8,22.0,22.2,21.3,23.4,22.0,24.9,17.9,18.0,19.0,19.0,39.80015572281334,-13.92944888989068
241.043,26.4,27.5,27.9,23.2,25.7,25.9,22.8,28.6,27.0,54.1,22.5,23.6,23.4,21.8,22.0,22.1,21.3,23.3,21.9,24.9,17.9,18.0,19.0,19.0,39.404100700752586,-14.015327397723398
241.717,26.4,27.5,27.9,23.2,25.7,26.0,22.8,28.6,27.0,54.1,22.5,23.6,23.5,21.8,22.0,22.1,21.3,23.3,21.9,24.8,17.9,18.0,19.0,19.0,38.216454710615146,-13.49938014200384
242.391,26.4,27.6,27.9,23.2,25.7,26.0,22.8,28.7,27.1,54.1,22.5,23.6,23.5,21.7,22.0,22.1,21.2,23.5,22.0,24.8,17.8,18.0,19.0,19.0,38.414222683623116,-13.92944888989068
243.066,26.4,27.6,27.9,23.2,25.7,26.0,22.8,28.7,27.1,54.1,22.5,23.7,23.5,21.9,22.1,22.1,21.2,23.4,22.0,25.1,18.0,18.0,19.0,19.0,38.612509732675896,-14.015327397723398
243.739,26.5,27.7,27.9,23.2,25.8,26.0,22.8,28.7,27.1,54.1,22.5,23.7,23.5,21.9,22.1,22.3,21.3,23.5,22.0,25.1,18.1,18.0,19.0,19.0,38.216454710615146,-14.015327397723398
244.414,26.5,27.7,28.0,23.3,25.8,26.1,22.8,28.7,27.1,54.1,22.5,23.7,23.5,21.9,22.1,22.2,21.3,23.4,22.0,25.1,18.2,18.0,19.0,19.0,38.216454710615146,-14.101431308463887
245.087,26.5,27.7,28.0,23.3,25.8,26.1,22.8,28.7,27.2,54.2,22.5,23.7,23.5,21.9,22.0,22.2,21.3,23.4,22.0,25.2,18.3,18.0,19.0,19.0,38.414222683623116,-14.015327397723398
245.761,26.6,27.8,28.1,23.3,25.8,26.1,22.9,28.8,27.2,54.2,22.6,23.7,23.5,21.9,22.1,22.3,21.3,23.5,22.0,25.1,18.4,18.0,19.0,19.0,38.414222683623116,-15.563169164882199
246.436,26.6,27.8,28.1,23.3,25.8,26.2,22.9,28.8,27.2,54.2,22.6,23.7,23.6,21.9,22.0,22.3,21.3,23.5,22.0,25.1,18.3,18.0,19.0,19.0,38.216454710615146,-15.649047672714982
247.109,26.6,27.8,28.1,23.3,25.9,26.2,22.9,28.8,27.2,54.2,22.6,23.7,23.6,22.0,22.1,22.2,21.2,23.5,22.0,25.2,18.4,18.0,19.0,19.0,38.018167661562366,-15.82103009128819
247.783,26.6,27.8,28.1,23.3,25.8,26.2,22.9,28.8,27.2,54.2,22.6,23.7,23.6,22.0,22.1,22.2,21.2,23.4,21.9,25.2,18.3,18.0,19.0,19.0,37.622112639501616,-14.015327397723398
248.458,26.6,27.8,28.1,23.3,25.9,26.2,22.9,28.8,27.2,54.2,22.6,23.7,23.6,22.0,22.1,22.3,21.3,23.5,22.0,25.2,18.2,18.0,19.0,19.0,38.216454710615146,-14.015327397723398
249.132,26.7,27.9,28.2,23.3,25.9,26.3,22.9,28.8,27.3,54.2,22.6,23.7,23.6,21.9,22.1,22.4,21.3,23.5,22.0,25.3,18.3,18.0,19.0,19.0,37.622112639501616,-15.13310041699536
249.807,26.7,27.9,28.2,23.3,25.9,26.3,22.9,28.9,27.3,54.2,22.6,23.7,23.6,22.0,22.0,22.4,21.3,23.5,22.0,25.3,18.3,18.0,19.0,19.0,37.22605761744087,-14.015327397723398
250.48,26.7,27.9,28.2,23.3,25.9,26.3,23.0,28.9,27.3,54.2,22.6,23.8,23.6,21.9,22.0,22.3,21.3,23.4,22.0,25.3,18.2,18.0,19.0,19.0,37.424344666493646,-16.250873436267323
251.155,26.7,27.9,28.2,23.3,25.9,26.3,23.0,28.9,27.3,54.2,22.7,23.8,23.6,22.0,22.1,22.3,21.3,23.6,22.1,25.3,18.2,18.0,19.0,19.0,37.622112639501616,-16.250873436267323
251.829,26.8,28.0,28.3,23.3,25.9,26.3,23.0,28.9,27.3,54.3,22.7,23.8,23.6,22.0,22.1,22.3,21.3,23.5,21.9,25.3,18.1,18.0,19.0,19.0,38.810277705683866,-16.336977347007746
252.503,26.8,28.0,28.3,23.3,25.9,26.4,23.0,28.9,27.3,54.3,22.7,23.8,23.6,22.0,22.1,22.3,21.3,23.5,22.0,25.3,17.9,18.0,19.0,19.0,39.0085647547365,-16.336977347007746
253.177,26.8,28.0,28.3,23.3,25.9,26.4,23.0,28.9,27.4,54.3,22.7,23.8,23.6,22.0,22.1,22.4,21.3,23.6,22.0,25.2,17.8,18.0,19.0,19.0,38.612509732675896,-16.336977347007746
253.853,26.8,28.1,28.3,23.3,26.0,26.4,23.0,29.0,27.4,54.3,22.7,23.8,23.6,22.1,22.2,22.4,21.3,23.5,22.0,25.2,17.7,18.0,19.0,19.0,38.018167661562366,-16.336977347007746
254.526,26.8,28.1,28.3,23.3,26.0,26.5,23.0,29.0,27.4,54.3,22.7,23.8,23.6,22.1,22.2,22.3,21.3,23.5,22.0,25.4,17.9,18.0,19.0,19.0,38.216454710615146,-16.336977347007746
255.2,26.9,28.1,28.4,23.3,26.0,26.5,23.0,29.0,27.4,54.3,22.7,23.8,23.6,22.0,22.1,22.4,21.3,23.5,22.0,25.3,17.9,18.0,19.0,19.0,37.622112639501616,-16.336977347007746
255.873,26.9,28.1,28.4,23.3,26.0,26.5,23.0,29.0,27.4,54.3,22.7,23.8,23.6,22.0,22.1,22.4,21.4,23.5,22.0,25.4,17.8,18.0,19.0,19.0,37.820399688554396,-16.336977347007746
256.546,26.9,28.1,28.4,23.4,26.0,26.5,23.1,29.0,27.5,54.3,22.7,23.8,23.7,22.0,22.1,22.4,21.3,23.6,22.0,25.4,17.9,18.0,19.0,19.0,37.622112639501616,-16.250873436267323
257.221,26.9,28.1,28.4,23.3,26.0,26.6,23.1,29.0,27.4,54.3,22.7,23.8,23.7,22.1,22.2,22.4,21.3,23.6,22.1,25.4,18.1,18.0,19.0,19.0,37.622112639501616,-16.250873436267323
257.896,26.9,28.2,28.5,23.4,26.0,26.6,23.1,29.1,27.5,54.3,22.7,23.8,23.7,22.1,22.2,22.4,21.3,23.6,22.0,25.4,18.2,18.0,19.0,19.0,37.622112639501616,-16.250873436267323
258.57,27.0,28.2,28.5,23.4,26.0,26.6,23.1,29.1,27.5,54.4,22.8,23.9,23.7,22.1,22.2,22.4,21.3,23.6,22.0,25.5,18.3,18.0,19.0,19.0,38.216454710615146,-16.336977347007746
259.243,27.0,28.2,28.5,23.4,26.0,26.6,23.1,29.1,27.5,54.4,22.8,23.9,23.7,22.1,22.2,22.4,21.3,23.6,22.0,25.6,18.3,18.0,19.0,19.0,38.612509732675896,-16.336977347007746
259.916,27.0,28.3,28.5,23.4,26.0,26.6,23.1,29.1,27.5,54.4,22.8,23.9,23.7,22.1,22.2,22.5,21.4,23.5,22.0,25.5,18.3,18.0,19.0,19.0,38.612509732675896,-16.250873436267323
260.59,27.0,28.3,28.5,23.4,26.1,26.6,23.1,29.1,27.5,54.4,22.8,23.9,23.7,22.1,22.2,22.5,21.4,23.6,22.1,25.5,18.3,18.0,19.0,19.0,39.404100700752586,-16.250873436267323
261.265,27.0,28.3,28.6,23.4,26.0,26.6,23.1,29.1,27.5,54.4,22.8,23.9,23.7,22.1,22.1,22.4,21.3,23.6,22.1,25.4,18.3,18.0,19.0,19.0,39.206332727744616,-16.336977347007746
261.939,27.1,28.3,28.6,23.4,26.1,26.7,23.1,29.2,27.5,54.4,22.8,23.9,23.8,22.2,22.2,22.5,21.3,23.6,22.0,25.4,18.2,18.0,19.0,19.0,38.810277705683866,-16.250873436267323
262.613,27.1,28.3,28.6,23.4,26.1,26.7,23.1,29.2,27.5,54.4,22.8,23.9,23.8,22.2,22.2,22.4,21.3,23.6,22.0,25.6,18.4,18.0,19.0,19.0,38.216454710615146,-16.336977347007746
263.289,27.1,28.4,28.6,23.4,26.1,26.7,23.1,29.2,27.6,54.4,22.8,23.9,23.8,22.2,22.2,22.6,21.4,23.6,22.0,25.6,18.2,18.0,19.0,19.0,37.820399688554396,-16.336977347007746
263.964,27.1,28.4,28.7,23.4,26.1,26.7,23.2,29.2,27.6,54.4,22.9,23.9,23.8,22.1,22.2,22.6,21.4,23.7,22.1,25.6,18.2,18.0,19.0,19.0,37.820399688554396,-16.336977347007746
264.639,27.2,28.4,28.7,23.4,26.1,26.7,23.2,29.3,27.6,54.4,22.8,23.9,23.8,22.1,22.2,22.6,21.4,23.7,22.1,25.6,18.1,18.0,19.0,19.0,37.820399688554396,-16.336977347007746
265.312,27.2,28.4,28.7,23.4,26.1,26.7,23.2,29.3,27.6,54.5,22.9,23.9,23.8,22.2,22.4,22.6,21.4,23.7,22.1,25.6,18.2,18.0,19.0,19.0,37.622112639501616,-16.336977347007746
265.986,27.2,28.4,28.7,23.4,26.1,26.7,23.2,29.3,27.6,54.5,22.9,23.9,23.8,22.2,22.3,22.6,21.4,23.7,22.1,25.7,18.2,18.0,19.0,19.0,38.018167661562366,-16.336977347007746
266.66,27.2,28.5,28.8,23.5,26.1,26.8,23.2,29.3,27.6,54.5,22.9,23.9,23.8,22.2,22.4,22.6,21.4,23.7,22.1,25.8,18.3,18.0,19.0,19.0,38.414222683623116,-16.336977347007746
267.336,27.2,28.5,28.8,23.5,26.1,26.8,23.2,29.3,27.7,54.5,22.9,24.0,23.9,22.2,22.3,22.6,21.4,23.7,22.1,25.7,18.2,18.0,19.0,19.0,38.414222683623116,-16.250873436267323
268.01,27.3,28.5,28.8,23.5,26.2,26.8,23.2,29.3,27.7,54.5,22.9,24.0,23.9,22.2,22.3,22.6,21.4,23.6,22.1,25.7,18.2,18.0,19.0,19.0,38.414222683623116,-18.486644877718888
268.684,27.3,28.5,28.8,23.5,26.2,26.8,23.2,29.3,27.7,54.5,22.9,24.0,23.9,22.2,22.3,22.6,21.4,23.8,22.2,25.7,18.4,18.0,19.0,19.0,39.0085647547365,-18.486644877718888
269.36,27.3,28.5,28.8,23.5,26.2,26.9,23.3,29.3,27.7,54.5,22.9,24.0,23.9,22.3,22.4,22.6,21.4,23.8,22.2,25.7,18.3,18.0,19.0,19.0,39.404100700752586,-18.57252338555167
270.033,27.3,28.6,28.9,23.5,26.2,26.9,23.3,29.4,27.7,54.6,23.0,24.0,23.9,22.3,22.4,22.6,21.4,23.8,22.2,25.7,18.3,18.0,19.0,19.0,39.60238774980537,-18.486644877718888
270.706,27.3,28.6,28.9,23.5,26.2,26.9,23.3,29.4,27.7,54.6,23.0,24.0,23.9,22.3,22.4,22.6,21.4,23.8,22.2,25.8,18.3,18.0,19.0,19.0,39.0085647547365,-16.250873436267323
271.38,27.4,28.6,28.9,23.5,26.2,26.9,23.3,29.4,27.7,54.6,23.0,24.0,23.9,22.3,22.4,22.6,21.4,23.8,22.2,25.8,18.5,18.0,19.0,19.0,37.820399688554396,-17.196889439873782
272.054,27.4,28.6,28.9,23.5,26.3,26.9,23.3,29.4,27.7,54.6,23.0,24.0,23.9,22.3,22.4,22.6,21.4,23.8,22.2,25.9,18.5,18.0,19.0,19.0,38.414222683623116,-17.712611292685636
272.728,27.4,28.7,29.0,23.5,26.2,26.9,23.3,29.5,27.8,54.6,23.0,24.1,23.9,22.2,22.4,22.6,21.4,23.8,22.2,25.9,18.6,18.0,19.0,19.0,38.612509732675896,-18.400540966978465
273.402,27.4,28.7,29.0,23.5,26.3,26.9,23.3,29.5,27.8,54.6,23.0,24.1,23.9,22.2,22.4,22.7,21.5,23.8,22.2,25.9,18.4,18.0,19.0,19.0,38.414222683623116,-18.486644877718888
274.075,27.5,28.7,29.0,23.5,26.3,26.9,23.3,29.5,27.8,54.6,23.0,24.1,23.9,22.4,22.5,22.7,21.5,23.9,22.2,25.9,18.4,18.0,19.0,19.0,38.216454710615146,-18.486644877718888
274.75,27.5,28.7,29.0,23.5,26.3,26.9,23.3,29.5,27.8,54.6,23.0,24.1,23.9,22.3,22.5,22.7,21.5,23.8,22.3,25.9,18.4,18.0,19.0,19.0,38.612509732675896,-18.486644877718888
275.424,27.5,28.7,29.0,23.6,26.3,26.9,23.3,29.5,27.8,54.6,23.0,24.1,24.0,22.3,22.5,22.7,21.4,23.8,22.2,25.9,18.3,18.0,19.0,19.0,38.414222683623116,-18.57252338555167
276.098,27.5,28.8,29.1,23.5,26.3,26.9,23.3,29.5,27.8,54.6,23.0,24.1,24.0,22.3,22.5,22.7,21.4,23.8,22.2,26.0,18.4,18.0,19.0,19.0,38.414222683623116,-18.486644877718888
276.771,27.5,28.8,29.1,23.6,26.3,26.9,23.3,29.5,27.8,54.6,23.0,24.1,24.0,22.3,22.5,22.7,21.4,23.8,22.2,26.0,18.6,18.0,19.0,19.0,38.216454710615146,-18.486644877718888
277.446,27.5,28.8,29.1,23.6,26.3,27.0,23.4,29.4,27.8,54.7,23.0,24.1,24.0,22.3,22.4,22.7,21.4,23.8,22.2,26.0,18.4,18.0,19.0,19.0,38.612509732675896,-18.486644877718888
278.121,27.5,28.8,29.1,23.6,26.3,27.0,23.4,29.4,27.8,54.7,23.0,24.1,24.0,22.3,22.4,22.8,21.5,23.8,22.2,26.0,18.3,18.0,19.0,19.0,38.810277705683866,-18.486644877718888
278.795,27.6,28.8,29.1,23.6,26.3,27.0,23.4,29.5,27.8,54.7,23.0,24.1,24.0,22.3,22.4,22.8,21.5,23.8,22.2,26.0,18.5,18.0,19.0,19.0,38.216454710615146,-18.486644877718888
279.469,27.6,28.8,29.2,23.6,26.3,27.0,23.4,29.5,27.9,54.7,23.1,24.2,24.0,22.3,22.4,22.8,21.5,23.8,22.2,26.0,18.6,18.0,19.0,19.0,38.612509732675896,-18.486644877718888
280.144,27.6,28.9,29.2,23.6,26.3,27.0,23.4,29.5,27.9,54.7,23.1,24.1,24.0,22.3,22.4,22.8,21.5,23.8,22.2,26.0,18.3,18.0,19.0,19.0,38.612509732675896,-18.486644877718888
280.818,27.6,28.9,29.2,23.6,26.4,27.1,23.4,29.6,27.9,54.7,23.1,24.2,24.0,22.4,22.5,22.8,21.5,23.8,22.2,26.0,18.4,18.0,19.0,19.0,39.206332727744616,-18.486644877718888
281.492,27.7,28.9,29.2,23.6,26.3,27.0,23.4,29.6,27.9,54.7,23.1,24.2,24.1,22.4,22.5,22.9,21.5,23.8,22.2,26.1,18.6,18.0,19.0,19.0,38.810277705683866,-18.57252338555167
282.167,27.7,28.9,29.2,23.6,26.3,27.1,23.4,29.6,27.9,54.7,23.1,24.2,24.1,22.4,22.5,22.8,21.5,23.8,22.2,26.0,18.4,18.0,19.0,19.0,38.810277705683866,-18.486644877718888
282.84,27.7,28.9,29.3,23.6,26.4,27.1,23.4,29.6,27.9,54.7,23.1,24.2,24.1,22.4,22.5,22.9,21.6,23.8,22.2,25.9,18.4,18.0,19.0,19.0,39.206332727744616,-18.486644877718888
283.515,27.7,29.0,29.3,23.6,26.4,27.1,23.5,29.6,27.9,54.8,23.1,24.2,24.1,22.4,22.4,22.8,21.6,23.8,22.2,25.9,18.4,18.0,19.0,19.0,39.404100700752586,-18.486644877718888
284.189,27.7,29.0,29.3,23.6,26.4,27.1,23.4,29.6,27.9,54.8,23.1,24.2,24.1,22.4,22.4,22.8,21.5,23.8,22.2,25.9,18.5,18.0,19.0,19.0,39.206332727744616,-18.57252338555167
284.863,27.8,29.0,29.3,23.6,26.4,27.1,23.5,29.6,27.9,54.8,23.1,24.2,24.1,22.4,22.4,22.8,21.5,23.8,22.1,25.9,18.4,18.0,19.0,19.0,38.810277705683866,-18.57252338555167
285.539,27.8,29.0,29.3,23.6,26.4,27.1,23.5,29.7,27.9,54.8,23.2,24.2,24.1,22.4,22.4,22.9,21.5,23.8,22.1,26.0,18.2,18.0,19.0,19.0,39.206332727744616,-18.57252338555167
286.213,27.8,29.0,29.3,23.6,26.4,27.2,23.5,29.7,27.9,54.8,23.2,24.2,24.1,22.4,22.4,22.9,21.5,23.8,22.2,25.9,18.2,18.0,19.0,19.0,39.206332727744616,-18.57252338555167
286.886,27.8,29.0,29.4,23.6,26.4,27.1,23.5,29.7,28.0,54.8,23.2,24.2,24.1,22.4,22.4,22.8,21.5,23.8,22.2,26.0,18.2,18.0,19.0,19.0,39.99844277186612,-18.400540966978465
287.561,27.8,29.1,29.4,23.6,26.4,27.2,23.5,29.7,28.0,54.8,23.2,24.2,24.1,22.5,22.5,22.8,21.5,23.8,22.2,26.1,18.3,18.0,19.0,19.0,39.80015572281334,-18.486644877718888
288.236,27.8,29.1,29.4,23.6,26.4,27.2,23.5,29.7,28.0,54.8,23.2,24.2,24.2,22.5,22.5,22.9,21.6,23.8,22.2,26.1,18.3,18.0,19.0,19.0,39.60238774980537,-18.57252338555167
288.91,27.8,29.1,29.4,23.7,26.4,27.2,23.5,29.7,28.0,54.8,23.2,24.3,24.2,22.5,22.5,22.9,21.6,23.8,22.1,26.1,18.2,18.0,19.0,19.0,39.0085647547365,-18.486644877718888
289.585,27.9,29.1,29.4,23.7,26.4,27.2,23.5,29.7,28.0,54.8,23.2,24.3,24.2,22.5,22.5,22.9,21.6,23.8,22.1,26.0,18.3,18.0,19.0,19.0,39.0085647547365,-18.486644877718888
290.259,27.9,29.1,29.5,23.7,26.4,27.2,23.5,29.7,28.0,54.8,23.2,24.3,24.2,22.5,22.4,22.9,21.6,23.8,22.1,26.1,18.4,18.0,19.0,19.0,39.206332727744616,-18.400540966978465
290.935,27.9,29.2,29.5,23.7,26.4,27.2,23.5,29.7,28.0,54.9,23.2,24.3,24.2,22.5,22.5,22.9,21.6,23.8,22.2,26.1,18.3,18.0,19.0,19.0,39.404100700752586,-18.486644877718888
291.608,27.9,29.2,29.5,23.7,26.5,27.2,23.6,29.8,28.0,54.9,23.2,24.3,24.2,22.5,22.5,22.9,21.5,23.9,22.2,26.2,18.2,18.0,19.0,19.0,39.60238774980537,-18.57252338555167
292.283,27.9,29.2,29.5,23.7,26.5,27.2,23.6,29.7,28.0,54.9,23.2,24.3,24.2,22.6,22.5,22.9,21.5,23.9,22.2,26.1,18.2,18.0,19.0,19.0,39.404100700752586,-18.57252338555167
292.957,28.0,29.2,29.6,23.7,26.5,27.2,23.6,29.8,28.0,54.9,23.2,24.3,24.2,22.6,22.6,22.9,21.5,23.9,22.2,26.2,18.2,18.0,19.0,19.0,40.39449779392687,-18.486644877718888
293.632,28.0,29.3,29.6,23.7,26.5,27.2,23.6,29.7,28.0,54.9,23.3,24.3,24.2,22.6,22.5,22.9,21.6,23.9,22.2,26.2,18.3,18.0,19.0,19.0,40.98832078899559,-18.486644877718888
294.305,28.0,29.3,29.6,23.7,26.5,27.3,23.6,29.8,28.1,54.9,23.3,24.3,24.2,22.6,22.5,22.9,21.6,23.9,22.2,26.2,18.2,18.0,19.0,19.0,40.98832078899559,-18.486644877718888
294.979,28.0,29.3,29.6,23.7,26.5,27.2,23.6,29.8,28.1,54.9,23.3,24.4,24.2,22.6,22.5,22.9,21.6,23.8,22.2,26.2,18.3,18.0,19.0,19.0,41.38437581105634,-18.486644877718888
295.654,28.0,29.3,29.6,23.7,26.5,27.3,23.6,29.8,28.1,54.9,23.3,24.3,24.2,22.6,22.5,22.9,21.6,23.8,22.2,26.1,18.0,18.0,19.0,19.0,40.59226576693484,-18.486644877718888
296.33,28.1,29.3,29.6,23.7,26.5,27.3,23.6,29.8,28.1,54.9,23.3,24.3,24.3,22.6,22.5,22.9,21.5,23.9,22.2,26.1,17.9,18.0,19.0,19.0,39.99844277186612,-18.486644877718888
297.005,28.1,29.3,29.6,23.7,26.5,27.3,23.6,29.8,28.1,54.9,23.3,24.4,24.3,22.6,22.5,22.9,21.5,23.8,22.2,26.1,18.1,18.0,19.0,19.0,38.810277705683866,-18.486644877718888
297.678,28.1,29.3,29.7,23.7,26.5,27.3,23.6,29.9,28.1,55.0,23.3,24.4,24.3,22.6,22.5,22.9,21.5,23.9,22.3,26.1,18.3,18.0,19.0,19.0,39.80015572281334,-18.486644877718888
298.352,28.1,29.3,29.7,23.7,26.5,27.3,23.6,29.8,28.1,54.9,23.3,24.4,24.3,22.5,22.5,22.9,21.5,24.0,22.3,26.1,18.2,18.0,19.0,19.0,40.79055281598747,-18.486644877718888
299.028,28.1,29.4,29.7,23.8,26.6,27.3,23.6,29.9,28.1,55.0,23.3,24.4,24.3,22.7,22.6,22.9,21.5,23.9,22.3,26.2,18.2,18.0,19.0,19.0,41.38437581105634,-18.486644877718888
299.704,28.1,29.4,29.7,23.8,26.6,27.3,23.7,29.9,28.1,55.0,23.3,24.4,24.3,22.7,22.6,23.0,21.7,23.9,22.3,26.2,18.2,18.0,19.0,19.0,41.38437581105634,-18.486644877718888
300.377,28.1,29.4,29.7,23.8,26.6,27.3,23.7,29.9,28.1,55.0,23.3,24.4,24.3,22.7,22.6,23.0,21.6,24.0,22.3,26.2,18.2,18.0,19.0,19.0,40.19621074487409,-18.400540966978465
301.052,28.2,29.4,29.8,23.8,26.6,27.4,23.7,29.9,28.1,55.0,23.3,24.4,24.3,22.6,22.6,23.0,21.7,23.9,22.2,26.2,18.2,18.0,19.0,19.0,39.60238774980537,-18.31466245914568
301.726,28.2,29.4,29.8,23.8,26.6,27.4,23.7,29.9,28.1,55.0,23.4,24.4,24.3,22.6,22.6,23.0,21.6,24.0,22.3,26.2,18.4,18.0,19.0,19.0,39.404100700752586,-18.400540966978465
302.399,28.2,29.4,29.8,23.8,26.6,27.4,23.7,29.9,28.2,55.0,23.4,24.4,24.3,22.7,22.6,23.0,21.6,23.9,22.3,26.2,18.4,18.0,19.0,19.0,41.58266286010897,-18.400540966978465
303.074,28.2,29.5,29.8,23.8,26.6,27.4,23.7,29.9,28.2,55.0,23.4,24.4,24.3,22.7,22.6,22.9,21.6,23.9,22.4,26.2,18.3,18.0,19.0,19.0,41.58266286010897,-18.400540966978465
303.747,28.2,29.5,29.8,23.8,26.6,27.4,23.7,30.0,28.1,55.0,23.4,24.4,24.4,22.7,22.6,22.9,21.6,24.0,22.4,26.2,18.3,18.0,19.0,19.0,41.78043083311709,-18.400540966978465
304.423,28.3,29.5,29.8,23.8,26.6,27.4,23.7,29.9,28.2,55.0,23.4,24.4,24.4,22.7,22.6,22.9,21.6,24.1,22.4,26.2,18.3,34.0,25.0,27.0,41.78043083311709,-18.486644877718888
305.096,28.3,29.5,29.9,23.8,26.6,27.4,23.8,29.9,28.2,55.1,23.4,24.5,24.4,22.7,22.6,22.9,21.6,24.1,22.4,26.2,18.2,34.0,25.0,27.0,40.39449779392687,-18.486644877718888
305.771,28.3,29.6,29.9,23.8,26.6,27.4,23.7,30.0,28.2,55.1,23.4,24.5,24.4,22.8,22.7,22.9,21.5,24.1,22.4,26.2,18.3,34.0,25.0,27.0,40.59226576693484,-18.486644877718888
306.444,28.3,29.6,29.9,23.8,26.6,27.4,23.8,30.0,28.2,55.1,23.4,24.5,24.4,22.7,22.7,23.0,21.7,24.0,22.3,26.2,18.3,34.0,25.0,27.0,40.39449779392687,-18.486644877718888
307.12,28.3,29.6,29.9,23.8,26.6,27.4,23.8,30.0,28.2,55.1,23.4,24.5,24.4,22.7,22.7,23.0,21.7,24.1,22.4,26.3,18.2,34.0,25.0,27.0,40.98832078899559,-18.486644877718888
307.794,28.3,29.6,29.9,23.8,26.7,27.4,23.8,30.0,28.2,55.1,23.4,24.5,24.4,22.7,22.6,23.0,21.7,24.0,22.3,26.3,18.6,34.0,25.0,27.0,40.79055281598747,-18.486644877718888
308.47,28.4,29.6,30.0,23.9,26.7,27.4,23.8,30.0,28.2,55.1,23.5,24.5,24.4,22.7,22.7,23.0,21.7,24.0,22.3,26.3,18.4,34.0,25.0,27.0,41.38437581105634,-18.57252338555167
309.144,28.3,29.6,30.0,23.8,26.6,27.4,23.8,30.0,28.3,55.1,23.5,24.5,24.4,22.7,22.6,23.0,21.7,24.0,22.3,26.3,18.4,34.0,25.0,27.0,41.58266286010897,-18.486644877718888
309.818,28.4,29.6,30.0,23.9,26.7,27.5,23.8,30.0,28.2,55.1,23.4,24.5,24.4,22.7,22.7,23.0,21.7,24.0,22.3,26.3,18.4,34.0,25.0,27.0,41.78043083311709,-18.486644877718888
310.492,28.4,29.7,30.0,23.9,26.7,27.5,23.8,30.0,28.3,55.1,23.5,24.5,24.5,22.7,22.6,23.0,21.7,24.0,22.2,26.3,18.4,34.0,25.0,27.0,41.78043083311709,-18.486644877718888
311.167,28.4,29.7,30.0,23.9,26.7,27.5,23.8,30.0,28.3,55.1,23.5,24.5,24.5,22.7,22.6,23.0,21.7,23.9,22.2,26.2,18.3,34.0,25.0,27.0,41.97871788216971,-18.400540966978465
311.839,28.4,29.7,30.0,23.9,26.7,27.5,23.8,30.0,28.3,55.1,23.5,24.5,24.5,22.7,22.6,23.0,21.7,24.1,22.4,26.2,18.2,34.0,25.0,27.0,41.38437581105634,-18.486644877718888
312.513,28.4,29.7,30.0,23.9,26.7,27.5,23.8,30.1,28.3,55.1,23.5,24.5,24.5,22.7,22.6,23.0,21.7,24.0,22.3,26.2,18.3,34.0,25.0,27.0,41.78043083311709,-18.400540966978465
313.187,28.4,29.7,30.0,23.9,26.7,27.5,23.8,30.1,28.3,55.1,23.5,24.5,24.5,22.7,22.6,22.9,21.6,23.9,22.2,26.2,18.4,34.0,25.0,27.0,41.78043083311709,-18.486644877718888
313.86,28.5,29.7,30.0,23.9,26.7,27.5,23.8,30.0,28.3,55.1,23.5,24.5,24.5,22.7,22.6,22.9,21.6,24.1,22.4,26.1,18.4,34.0,25.0,27.0,41.97871788216971,-18.400540966978465
314.533,28.5,29.7,30.1,23.9,26.7,27.5,23.9,30.1,28.3,55.2,23.5,24.5,24.5,22.7,22.6,23.1,21.7,24.0,22.3,26.2,18.2,34.0,25.0,27.0,41.97871788216971,-18.486644877718888
315.208,28.5,29.7,30.1,23.9,26.7,27.5,23.9,30.1,28.3,55.2,23.5,24.6,24.5,22.7,22.6,23.1,21.7,24.1,22.4,26.2,18.3,34.0,25.0,27.0,41.97871788216971,-18.486644877718888
315.882,28.5,29.7,30.1,23.9,26.7,27.5,23.9,30.1,28.3,55.2,23.5,24.6,24.5,22.7,22.6,23.0,21.7,24.0,22.3,26.3,18.4,34.0,25.0,27.0,41.78043083311709,-18.486644877718888
316.556,28.5,29.8,30.1,23.9,26.7,27.5,23.9,30.1,28.3,55.2,23.5,24.6,24.5,22.7,22.6,23.1,21.7,24.1,22.4,26.3,18.4,34.0,25.0,27.0,42.17648585517784,-18.400540966978465
317.23,28.5,29.8,30.1,23.9,26.7,27.5,23.9,30.1,28.4,55.2,23.5,24.6,24.5,22.7,22.7,23.1,21.7,24.1,22.4,26.3,18.2,34.0,25.0,27.0,41.97871788216971,-18.486644877718888
317.904,28.6,29.8,30.2,23.9,26.7,27.5,23.9,30.1,28.3,55.2,23.5,24.6,24.5,22.7,22.6,23.1,21.7,24.0,22.4,26.3,18.2,34.0,25.0,27.0,41.97871788216971,-18.400540966978465
318.577,28.6,29.8,30.2,23.9,26.8,27.5,23.9,30.1,28.4,55.2,23.6,24.6,24.5,22.8,22.7,23.1,21.7,24.0,22.3,26.3,18.4,34.0,25.0,27.0,41.97871788216971,-18.400540966978465
319.25,28.6,29.8,30.2,23.9,26.8,27.6,23.9,30.2,28.4,55.2,23.6,24.6,24.5,22.7,22.6,23.1,21.7,24.1,22.3,26.3,18.6,34.0,25.0,27.0,41.97871788216971,-18.400540966978465
319.925,28.6,29.9,30.2,23.9,26.8,27.6,23.9,30.2,28.4,55.2,23.6,24.6,24.5,22.8,22.6,23.1,21.7,24.1,22.3,26.4,18.4,34.0,25.0,27.0,41.97871788216971,-18.486644877718888
320.6,28.6,29.9,30.2,23.9,26.8,27.5,23.9,30.2,28.4,55.3,23.6,24.6,24.6,22.8,22.6,23.0,21.7,24.0,22.3,26.4,18.7,34.0,25.0,27.0,41.97871788216971,-18.486644877718888
321.275,28.6,29.9,30.2,23.9,26.8,27.5,23.9,30.2,28.4,55.3,23.6,24.6,24.6,22.8,22.7,23.0,21.7,24.0,22.3,26.3,18.7,34.0,25.0,27.0,42.57254087723844,-18.400540966978465
321.948,28.6,29.9,30.3,23.9,26.8,27.6,23.9,30.2,28.4,55.3,23.6,24.6,24.6,22.9,22.7,23.0,21.7,24.1,22.4,26.4,18.7,34.0,25.0,27.0,43.36465092135993,-18.400540966978465
322.622,28.7,29.9,30.3,24.0,26.8,27.6,24.0,30.2,28.4,55.3,23.6,24.7,24.6,22.9,22.7,23.1,21.7,24.1,22.4,26.4,18.8,34.0,25.0,27.0,42.37477290423046,-18.400540966978465
323.297,28.7,30.0,30.3,24.0,26.8,27.6,23.9,30.2,28.4,55.3,23.6,24.7,24.6,22.9,22.7,23.1,21.7,24.1,22.4,26.3,18.9,34.0,25.0,27.0,41.97871788216971,-18.400540966978465
323.972,28.7,30.0,30.3,24.0,26.8,27.6,24.0,30.3,28.4,55.3,23.6,24.7,24.6,22.9,22.7,23.2,21.8,24.1,22.4,26.4,18.5,34.0,25.0,27.0,41.78043083311709,-18.400540966978465
324.646,28.7,30.0,30.3,24.0,26.8,27.6,23.9,30.3,28.4,55.3,23.6,24.7,24.6,22.9,22.7,23.2,21.8,24.2,22.4,26.4,18.4,34.0,25.0,27.0,41.97871788216971,-18.486644877718888
325.32,28.7,30.0,30.3,24.0,26.8,27.6,24.0,30.2,28.4,55.3,23.6,24.7,24.6,22.8,22.7,23.2,21.8,24.1,22.4,26.5,18.3,34.0,25.0,27.0,42.37477290423046,-18.486644877718888
325.995,28.7,30.0,30.3,24.0,26.8,27.6,24.0,30.2,28.4,55.3,23.6,24.7,24.6,22.8,22.7,23.2,21.8,24.1,22.4,26.4,18.3,34.0,25.0,27.0,43.56241889436805,-18.400540966978465
326.668,28.7,30.0,30.3,24.0,26.8,27.6,24.0,30.2,28.4,55.3,23.6,24.7,24.6,22.9,22.7,23.2,21.8,24.1,22.4,26.4,18.3,34.0,25.0,27.0,43.36465092135993,-18.486644877718888
327.343,28.8,30.0,30.4,24.0,26.9,27.7,24.0,30.1,28.4,55.3,23.7,24.7,24.6,22.8,22.7,23.2,21.8,24.1,22.4,26.5,18.5,34.0,25.0,27.0,43.36465092135993,-18.400540966978465
328.017,28.8,30.0,30.4,24.0,26.9,27.7,24.0,30.2,28.4,55.3,23.7,24.7,24.6,22.9,22.8,23.2,21.8,24.1,22.4,26.4,18.4,34.0,25.0,27.0,42.17648585517784,-18.486644877718888
328.691,28.8,30.0,30.4,24.0,26.9,27.6,24.0,30.3,28.4,55.4,23.7,24.7,24.6,22.9,22.9,23.2,21.8,24.1,22.4,26.4,18.4,34.0,25.0,27.0,42.17648585517784,-18.486644877718888
329.365,28.8,30.0,30.4,24.0,26.9,27.7,24.0,30.3,28.5,55.4,23.7,24.7,24.7,22.9,22.8,23.2,21.8,24.1,22.4,26.4,18.5,34.0,25.0,27.0,43.16636387230731,-18.486644877718888
330.04,28.8,30.1,30.4,24.0,26.9,27.7,24.0,30.3,28.5,55.4,23.7,24.7,24.7,23.0,22.8,23.2,21.8,24.1,22.4,26.4,18.2,34.0,25.0,27.0,42.96859589929919,-18.486644877718888
330.714,28.8,30.1,30.4,24.0,26.9,27.7,24.1,30.3,28.5,55.4,23.7,24.7,24.7,22.9,22.8,23.2,21.8,24.1,22.4,26.4,18.2,34.0,26.0,27.0,43.9584739164288,-18.400540966978465
331.389,28.8,30.1,30.4,24.0,26.9,27.7,24.1,30.3,28.5,55.4,23.7,24.8,24.6,23.0,22.8,23.1,21.8,24.2,22.5,26.4,18.2,34.0,25.0,27.0,43.9584739164288,-18.400540966978465
332.063,28.9,30.1,30.4,24.0,26.9,27.7,24.1,30.3,28.5,55.4,23.7,24.8,24.7,23.0,22.8,23.2,21.8,24.2,22.4,26.5,18.1,34.0,25.0,27.0,44.3545289384894,-18.486644877718888
332.736,28.9,30.1,30.5,24.0,26.9,27.6,24.1,30.3,28.5,55.4,23.7,24.8,24.7,23.0,22.9,23.2,21.7,24.2,22.4,26.5,18.2,34.0,25.0,27.0,43.9584739164288,-18.400540966978465
333.41,28.9,30.1,30.5,24.1,26.9,27.7,24.1,30.3,28.5,55.4,23.7,24.8,24.7,23.0,22.9,23.1,21.8,24.2,22.5,26.5,18.4,34.0,25.0,27.0,42.96859589929919,-18.400540966978465
334.085,28.9,30.1,30.5,24.0,26.9,27.7,24.1,30.3,28.5,55.5,23.7,24.8,24.7,22.9,22.9,23.2,21.8,24.3,22.6,26.6,18.7,34.0,25.0,27.0,42.57254087723844,-18.486644877718888
334.758,28.9,30.2,30.5,24.1,26.9,27.7,24.1,30.4,28.5,55.5,23.7,24.8,24.7,22.9,22.9,23.3,21.8,24.2,22.4,26.6,18.7,35.0,26.0,27.0,42.96859589929919,-18.486644877718888
335.432,28.9,30.2,30.5,24.1,27.0,27.7,24.1,30.4,28.5,55.5,23.8,24.8,24.7,22.9,22.9,23.2,21.8,24.3,22.6,26.7,18.6,35.0,25.0,27.0,42.96859589929919,-18.400540966978465
336.106,28.9,30.2,30.6,24.1,26.9,27.7,24.1,30.3,28.5,55.4,23.7,24.8,24.7,23.0,22.9,23.2,21.8,24.3,22.6,26.7,18.5,35.0,26.0,28.0,42.57254087723844,-18.486644877718888
336.781,28.9,30.2,30.6,24.1,26.9,27.7,24.1,30.4,28.5,55.5,23.8,24.8,24.8,23.0,22.9,23.2,21.8,24.2,22.5,26.7,18.6,35.0,25.0,27.0,44.15676096548143,-18.400540966978465
337.454,29.0,30.2,30.6,24.1,27.0,27.7,24.1,30.4,28.6,55.5,23.8,24.8,24.8,23.1,23.0,23.4,21.8,24.3,22.5,26.7,18.7,35.0,26.0,27.0,43.9584739164288,-18.400540966978465
338.127,29.0,30.3,30.6,24.1,27.0,27.8,24.1,30.4,28.6,55.5,23.8,24.8,24.8,23.1,23.0,23.3,21.9,24.2,22.5,26.7,18.7,35.0,25.0,27.0,44.3545289384894,-18.486644877718888
338.802,29.0,30.3,30.6,24.1,27.0,27.8,24.2,30.4,28.6,55.5,23.8,24.8,24.8,23.1,23.0,23.4,21.9,24.2,22.5,26.6,18.7,35.0,26.0,27.0,43.16636387230731,-18.486644877718888
339.477,29.0,30.3,30.6,24.1,27.0,27.7,24.2,30.4,28.5,55.5,23.8,24.8,24.8,22.9,22.9,23.4,21.9,24.2,22.5,26.6,18.8,35.0,26.0,27.0,43.76070594342068,-18.486644877718888
340.15,29.0,30.3,30.6,24.1,27.0,27.8,24.1,30.4,28.6,55.5,23.8,24.8,24.8,23.0,23.0,23.4,21.8,24.2,22.5,26.6,18.7,35.0,26.0,27.0,43.56241889436805,-18.57252338555167
340.823,29.0,30.3,30.6,24.1,27.0,27.8,24.2,30.4,28.6,55.5,23.8,24.9,24.8,23.0,23.0,23.4,21.8,24.2,22.5,26.6,18.6,35.0,26.0,27.0,43.9584739164288,-18.400540966978465
341.496,29.0,30.3,30.6,24.2,27.0,27.8,24.2,30.5,28.6,55.5,23.8,24.9,24.8,23.0,23.0,23.2,21.8,24.3,22.5,26.5,18.4,35.0,26.0,27.0,44.3545289384894,-18.57252338555167
342.169,29.1,30.3,30.7,24.2,27.0,27.8,24.2,30.4,28.6,55.5,23.8,24.9,24.8,23.0,22.9,23.4,21.8,24.2,22.5,26.7,18.6,35.0,25.0,27.0,44.94887100960293,-18.486644877718888
342.843,29.1,30.3,30.7,24.2,27.0,27.8,24.2,30.4,28.6,55.5,23.9,24.9,24.8,23.1,22.9,23.4,21.8,24.3,22.5,26.7,18.4,35.0,26.0,27.0,43.56241889436805,-18.486644877718888
343.518,29.1,30.4,30.7,24.2,27.0,27.8,24.2,30.3,28.6,55.5,23.8,24.9,24.8,23.0,23.0,23.4,21.8,24.2,22.5,26.7,18.4,35.0,26.0,28.0,43.56241889436805,-18.57252338555167
344.192,29.1,30.4,30.7,24.2,27.0,27.8,24.2,30.4,28.6,55.6,23.8,24.9,24.8,23.0,22.9,23.4,21.8,24.3,22.5,26.7,18.6,35.0,26.0,28.0,43.16636387230731,-18.57252338555167
344.865,29.1,30.4,30.7,24.2,27.1,27.8,24.2,30.4,28.6,55.6,23.9,24.9,24.8,23.0,22.9,23.4,21.9,24.2,22.5,26.7,18.4,35.0,26.0,28.0,43.9584739164288,-18.57252338555167
345.539,29.1,30.4,30.7,24.2,27.0,27.8,24.2,30.5,28.7,55.6,23.9,24.9,24.8,23.0,22.9,23.4,21.8,24.2,22.5,26.7,18.6,35.0,26.0,28.0,44.94887100960293,-18.486644877718888
346.214,29.1,30.4,30.7,24.2,27.0,27.8,24.2,30.5,28.7,55.6,23.9,24.9,24.8,23.0,22.9,23.4,21.8,24.2,22.5,26.5,18.4,35.0,26.0,28.0,45.34492603166368,-18.486644877718888
346.887,29.1,30.4,30.7,24.2,27.0,27.8,24.2,30.5,28.7,55.6,23.9,24.9,24.8,23.0,22.9,23.3,21.8,24.2,22.5,26.6,18.6,35.0,26.0,28.0,45.54269400467165,-18.486644877718888
347.561,29.2,30.4,30.8,24.2,27.1,27.8,24.2,30.5,28.7,55.6,23.9,24.9,24.8,23.1,22.9,23.3,21.8,24.2,22.5,26.5,18.7,35.0,26.0,28.0,44.75058396055015,-18.486644877718888
348.235,29.2,30.4,30.8,24.2,27.1,27.9,24.2,30.5,28.7,55.6,23.9,24.9,24.9,23.0,22.9,23.4,21.9,24.2,22.5,26.5,18.4,35.0,26.0,28.0,44.15676096548143,-18.400540966978465
348.911,29.2,30.4,30.8,24.2,27.1,27.9,24.2,30.5,28.7,55.6,23.9,24.9,24.9,23.2,23.0,23.4,21.9,24.3,22.5,26.6,18.6,35.0,26.0,28.0,44.15676096548143,-18.400540966978465
349.584,29.2,30.5,30.8,24.2,27.1,27.9,24.2,30.5,28.7,55.6,23.9,24.9,24.9,23.2,23.0,23.4,21.9,24.2,22.5,26.7,18.5,35.0,26.0,28.0,44.3545289384894,-18.486644877718888
350.258,29.2,30.5,30.8,24.2,27.1,27.9,24.3,30.5,28.7,55.6,23.9,24.9,24.9,23.2,23.0,23.4,21.9,24.3,22.5,26.7,18.4,35.0,26.0,28.0,44.15676096548143,-18.400540966978465
350.931,29.2,30.5,30.8,24.2,27.1,27.8,24.2,30.5,28.7,55.6,23.9,25.0,24.9,23.1,23.0,23.4,21.9,24.3,22.6,26.7,18.2,35.0,26.0,28.0,44.3545289384894,-18.400540966978465
351.605,29.2,30.5,30.8,24.2,27.1,27.9,24.3,30.5,28.7,55.6,23.9,24.9,24.9,23.2,23.0,23.5,21.9,24.3,22.6,26.7,18.2,35.0,26.0,28.0,44.15676096548143,-18.486644877718888
352.278,29.3,30.5,30.8,24.2,27.1,27.9,24.3,30.5,28.7,55.6,23.9,24.9,24.9,23.2,23.0,23.4,21.9,24.3,22.6,26.7,18.3,35.0,26.0,28.0,44.55281598754218,-18.486644877718888
352.952,29.3,30.5,30.9,24.2,27.1,27.8,24.3,30.6,28.7,55.7,23.9,25.0,24.9,23.1,23.0,23.4,21.9,24.3,22.6,26.8,18.7,35.0,26.0,28.0,44.94887100960293,-18.486644877718888
353.626,29.3,30.5,30.9,24.2,27.1,27.9,24.3,30.5,28.7,55.7,24.0,25.0,24.9,23.2,23.0,23.4,21.9,24.3,22.5,26.7,18.4,35.0,26.0,28.0,45.34492603166368,-18.31466245914568
354.299,29.3,30.6,30.9,24.2,27.1,27.9,24.3,30.5,28.7,55.7,23.9,25.0,24.9,23.1,23.0,23.4,21.9,24.3,22.5,26.7,18.4,35.0,26.0,28.0,44.94887100960293,-18.400540966978465
354.974,29.3,30.6,30.9,24.2,27.1,27.9,24.3,30.6,28.7,55.7,23.9,25.0,24.9,23.1,23.0,23.5,21.9,24.3,22.6,26.7,18.4,35.0,26.0,28.0,45.1466389826109,-18.486644877718888
355.648,29.3,30.6,30.9,24.3,27.1,27.9,24.3,30.6,28.7,55.7,24.0,25.0,24.9,23.1,23.0,23.5,21.9,24.3,22.6,26.7,18.4,35.0,26.0,28.0,45.1466389826109,-18.486644877718888
356.321,29.3,30.6,30.9,24.3,27.1,27.9,24.3,30.5,28.7,55.7,24.0,25.0,24.9,23.2,23.0,23.4,21.9,24.3,22.5,26.7,18.3,35.0,26.0,28.0,46.53257202180112,-18.400540966978465
356.997,29.3,30.6,30.9,24.3,27.1,27.9,24.3,30.6,28.7,55.7,24.0,25.0,24.9,23.2,23.0,23.3,21.9,24.3,22.6,26.7,18.3,35.0,26.0,28.0,47.12691409291465,-18.400540966978465
357.672,29.3,30.6,30.9,24.3,27.1,27.9,24.3,30.6,28.7,55.7,24.0,25.0,24.9,23.2,23.0,23.3,21.9,24.3,22.5,26.7,18.6,35.0,26.0,28.0,47.12691409291465,-18.400540966978465
358.345,29.3,30.6,30.9,24.3,27.2,27.9,24.3,30.6,28.8,55.7,24.0,25.0,24.9,23.2,23.0,23.4,21.9,24.3,22.5,26.7,18.4,35.0,26.0,28.0,47.12691409291465,-17.454750366279708
359.02,29.4,30.6,30.9,24.2,27.2,27.9,24.4,30.6,28.7,55.7,24.0,25.0,24.9,23.2,23.0,23.4,21.9,24.3,22.6,26.7,18.3,35.0,26.0,28.0,45.9387490267324,-17.282767947706503
359.694,29.4,30.6,31.0,24.3,27.2,27.9,24.3,30.5,28.7,55.7,24.0,25.0,25.0,23.1,23.0,23.4,21.9,24.3,22.5,26.6,18.4,35.0,26.0,28.0,46.13651699974037,-16.76682069198688
360.369,29.4,30.7,31.0,24.3,27.2,27.9,24.3,30.6,28.8,55.7,24.0,25.0,25.0,23.2,23.0,23.4,21.9,24.3,22.5,26.6,18.4,35.0,26.0,28.0,46.7308590708539,-18.486644877718888
